N=100 	 R=1000000 	 s=1 	 Save [density, Z, rho_t, like/unlike, events per sweep]
0.0001347 	 1.0005121 	 1.1027 	 0.995 	 10.125
0.0132561 	 1.1625790 	 12.2372 	 0.951 	 46.824
0.0260840 	 1.1527469 	 22.9197 	 1.005 	 78.937
0.0385038 	 1.1918874 	 33.3752 	 1.014 	 88.252
0.0505191 	 1.2395898 	 44.1539 	 1.016 	 92.003
0.0621607 	 1.2921116 	 54.7079 	 1.018 	 93.809
0.0734582 	 1.3481711 	 64.7034 	 1.019 	 94.757
0.0844191 	 1.4076964 	 75.4776 	 1.020 	 95.276
0.0950629 	 1.4694544 	 85.3110 	 1.021 	 95.522
0.1053980 	 1.5335651 	 95.4727 	 1.022 	 95.662
0.1154474 	 1.6000450 	 105.4103 	 1.023 	 95.741
0.1252114 	 1.6683615 	 115.5728 	 1.024 	 95.809
0.1347086 	 1.7385667 	 126.0384 	 1.026 	 95.810
0.1439383 	 1.8100888 	 136.8658 	 1.027 	 95.882
0.1529300 	 1.8841585 	 147.0208 	 1.029 	 95.872
0.1616870 	 1.9597408 	 157.4308 	 1.030 	 95.854
0.1702146 	 2.0368310 	 168.2439 	 1.031 	 95.820
0.1785273 	 2.1157802 	 178.2094 	 1.032 	 95.791
0.1866291 	 2.1960114 	 188.5561 	 1.034 	 95.772
0.1945332 	 2.2782726 	 198.0708 	 1.035 	 95.744
0.2022378 	 2.3616795 	 208.5919 	 1.036 	 95.737
0.2097601 	 2.4468613 	 218.5589 	 1.037 	 95.693
0.2171143 	 2.5339959 	 229.3436 	 1.038 	 95.692
0.2242916 	 2.6225383 	 239.8894 	 1.040 	 95.686
0.2313048 	 2.7126125 	 249.8771 	 1.041 	 95.651
0.2381567 	 2.8036833 	 261.2590 	 1.042 	 95.636
0.2448554 	 2.8975640 	 270.8793 	 1.043 	 95.628
0.2514012 	 2.9922106 	 281.8329 	 1.044 	 95.627
0.2577996 	 3.0884379 	 292.1172 	 1.046 	 95.629
0.2640671 	 3.1860242 	 302.4620 	 1.047 	 95.588
0.2701950 	 3.2851328 	 314.0275 	 1.047 	 95.589
0.2761941 	 3.3861217 	 325.6197 	 1.049 	 95.582
0.2820650 	 3.4884883 	 336.8313 	 1.050 	 95.560
0.2878218 	 3.5920823 	 349.4873 	 1.051 	 95.525
0.2934607 	 3.6979349 	 360.3309 	 1.052 	 95.526
0.2989797 	 3.8049964 	 370.7596 	 1.053 	 95.528
0.3043928 	 3.9124421 	 377.5273 	 1.054 	 95.488
0.3096979 	 4.0227256 	 386.1268 	 1.054 	 95.511
0.3149015 	 4.1346109 	 397.9212 	 1.055 	 95.490
0.3200028 	 4.2476599 	 411.9047 	 1.057 	 95.467
0.3250092 	 4.3621016 	 420.9704 	 1.057 	 95.454
0.3299261 	 4.4774950 	 435.7485 	 1.058 	 95.439
0.3347442 	 4.5953639 	 442.8492 	 1.060 	 95.460
0.3394762 	 4.7133681 	 453.4190 	 1.061 	 95.410
0.3441245 	 4.8332347 	 461.3240 	 1.061 	 95.384
0.3486860 	 4.9551021 	 472.0836 	 1.063 	 95.393
0.3531652 	 5.0787714 	 483.8056 	 1.063 	 95.380
0.3575665 	 5.2032289 	 493.4111 	 1.064 	 95.367
0.3618878 	 5.3289477 	 504.5525 	 1.065 	 95.358
0.3661361 	 5.4565815 	 512.5085 	 1.066 	 95.352
0.3703127 	 5.5852685 	 525.2418 	 1.067 	 95.320
0.3744200 	 5.7153123 	 534.7274 	 1.067 	 95.336
0.3784582 	 5.8490036 	 546.3105 	 1.068 	 95.331
0.3824270 	 5.9819335 	 555.2572 	 1.069 	 95.324
0.3863330 	 6.1147955 	 563.4760 	 1.070 	 95.299
0.3901743 	 6.2532026 	 573.5231 	 1.070 	 95.323
0.3939531 	 6.3891781 	 586.2225 	 1.071 	 95.278
0.3976730 	 6.5294690 	 599.7074 	 1.071 	 95.286
0.4013325 	 6.6684191 	 612.8147 	 1.072 	 95.282
0.4049337 	 6.8110146 	 620.8346 	 1.073 	 95.292
0.4084808 	 6.9528463 	 631.9291 	 1.073 	 95.279
0.4119724 	 7.0987588 	 638.7638 	 1.074 	 95.251
0.4154131 	 7.2427574 	 655.8658 	 1.075 	 95.228
0.4187991 	 7.3909332 	 670.0880 	 1.076 	 95.244
0.4221338 	 7.5407176 	 679.6434 	 1.077 	 95.226
0.4254207 	 7.6907622 	 695.3205 	 1.077 	 95.242
0.4286570 	 7.8403791 	 703.0347 	 1.077 	 95.191
0.4318475 	 7.9946259 	 713.7974 	 1.078 	 95.183
0.4349913 	 8.1495046 	 726.9463 	 1.077 	 95.202
0.4380882 	 8.3046706 	 740.1169 	 1.078 	 95.177
0.4411430 	 8.4607984 	 745.0104 	 1.079 	 95.191
0.4441560 	 8.6177491 	 756.4290 	 1.080 	 95.146
0.4471252 	 8.7786765 	 767.0614 	 1.080 	 95.183
0.4500516 	 8.9391670 	 783.0750 	 1.080 	 95.140
0.4529384 	 9.1012533 	 801.1796 	 1.081 	 95.133
0.4557849 	 9.2643004 	 811.5080 	 1.081 	 95.142
0.4585948 	 9.4301979 	 826.8235 	 1.082 	 95.156
0.4613654 	 9.5972471 	 836.4344 	 1.082 	 95.167
0.4640993 	 9.7664457 	 848.3259 	 1.082 	 95.145
0.4667975 	 9.9318576 	 855.9427 	 1.083 	 95.109
0.4694580 	 10.1075751 	 866.3585 	 1.083 	 95.109
0.4720846 	 10.2739292 	 870.8795 	 1.083 	 95.097
0.4746762 	 10.4511021 	 887.5144 	 1.084 	 95.122
0.4772380 	 10.6228713 	 897.3830 	 1.084 	 95.098
0.4797646 	 10.7983954 	 910.5743 	 1.084 	 95.092
0.4822598 	 10.9736933 	 918.3605 	 1.084 	 95.073
0.4847213 	 11.1547837 	 937.0295 	 1.084 	 95.078
0.4871564 	 11.3338170 	 942.9852 	 1.084 	 95.069
0.4895614 	 11.5154162 	 957.2753 	 1.084 	 95.074
0.4919365 	 11.6978636 	 972.1583 	 1.085 	 95.078
0.4942805 	 11.8808953 	 986.2373 	 1.085 	 95.072
0.4965952 	 12.0695501 	 1005.3489 	 1.085 	 95.103
0.4988826 	 12.2521545 	 1021.8034 	 1.086 	 95.032
0.5011438 	 12.4419193 	 1031.3323 	 1.086 	 95.050
0.5033775 	 12.6316700 	 1042.2764 	 1.086 	 95.040
0.5055847 	 12.8212873 	 1050.5727 	 1.086 	 95.041
0.5077655 	 13.0141936 	 1065.2187 	 1.086 	 95.035
0.5099205 	 13.2099447 	 1073.3265 	 1.086 	 95.054
0.5120517 	 13.4029392 	 1082.8815 	 1.086 	 95.025
0.5141574 	 13.5980586 	 1096.9032 	 1.086 	 95.003
0.5162404 	 13.7968374 	 1107.9083 	 1.086 	 95.017
0.5182987 	 13.9945754 	 1119.2210 	 1.087 	 94.984
0.5203334 	 14.1946909 	 1135.0857 	 1.087 	 95.009
0.5223432 	 14.3962437 	 1145.3687 	 1.086 	 94.982
0.5243329 	 14.6007182 	 1164.1122 	 1.087 	 94.991
0.5262997 	 14.8091133 	 1162.5221 	 1.087 	 95.014
0.5282441 	 15.0149913 	 1171.9517 	 1.087 	 94.994
0.5301673 	 15.2197067 	 1183.7359 	 1.087 	 94.972
0.5320686 	 15.4317831 	 1192.6776 	 1.087 	 94.972
0.5339501 	 15.6385876 	 1205.8285 	 1.087 	 94.966
0.5358095 	 15.8558996 	 1220.4126 	 1.087 	 94.957
0.5376493 	 16.0656815 	 1233.0700 	 1.087 	 94.929
0.5394699 	 16.2843026 	 1246.2596 	 1.087 	 94.961
0.5412711 	 16.4971430 	 1254.2875 	 1.086 	 94.941
0.5430535 	 16.7182014 	 1274.4382 	 1.086 	 94.944
0.5448182 	 16.9282657 	 1287.7576 	 1.086 	 94.917
0.5465629 	 17.1559418 	 1306.8380 	 1.087 	 94.917
0.5482901 	 17.3810255 	 1329.7666 	 1.086 	 94.931
0.5499981 	 17.6106265 	 1353.4377 	 1.086 	 94.911
0.5516875 	 17.8366664 	 1393.2642 	 1.086 	 94.926
0.5533596 	 18.0681706 	 1440.5380 	 1.086 	 94.898
0.5550127 	 18.2943766 	 1499.7914 	 1.086 	 94.858
0.5566517 	 18.5315385 	 1566.8547 	 1.086 	 94.888
0.5582724 	 18.7645848 	 1679.2539 	 1.086 	 94.892
0.5598755 	 19.0064176 	 1797.8588 	 1.085 	 94.905
0.5614636 	 19.2468958 	 1929.2816 	 1.085 	 94.893
0.5630344 	 19.4861515 	 2123.8062 	 1.084 	 94.889
0.5645887 	 19.7338532 	 2378.0678 	 1.085 	 94.877
0.5661277 	 19.9776704 	 2725.2455 	 1.085 	 94.872
0.5676506 	 20.2297552 	 3051.0070 	 1.086 	 94.859
0.5691559 	 20.4911132 	 3448.0326 	 1.085 	 94.874
0.5706450 	 20.7499414 	 3939.2173 	 1.085 	 94.891
0.5721181 	 21.0111249 	 4560.6150 	 1.084 	 94.865
0.5735760 	 21.2823497 	 5297.2968 	 1.085 	 94.832
0.5750186 	 21.5622882 	 6118.0429 	 1.084 	 94.846
0.5764460 	 21.8415175 	 7118.8352 	 1.084 	 94.846
0.5778566 	 22.1296581 	 8299.7660 	 1.084 	 94.858
0.5792516 	 22.4228670 	 9587.2855 	 1.085 	 94.835
0.5806306 	 22.7239193 	 11151.3280 	 1.085 	 94.836
0.5819940 	 23.0268972 	 12892.1727 	 1.085 	 94.846
0.5833416 	 23.3381871 	 15047.9036 	 1.084 	 94.848
0.5846739 	 23.6590968 	 17690.8322 	 1.085 	 94.825
0.5859899 	 23.9814421 	 21127.0996 	 1.084 	 94.804
0.5872900 	 24.3198079 	 25298.0889 	 1.084 	 94.835
0.5885740 	 24.6414370 	 30873.6461 	 1.084 	 94.827
0.5898435 	 24.9780678 	 37802.1320 	 1.082 	 94.836
0.5910968 	 25.3286883 	 47139.5553 	 1.082 	 94.867
0.5923357 	 25.6613591 	 59267.8385 	 1.079 	 94.875
0.5935606 	 25.9994071 	 74722.3434 	 1.077 	 94.890
0.5947719 	 26.3499847 	 94270.8217 	 1.074 	 94.917
0.5959684 	 26.7091173 	 116473.1320 	 1.071 	 94.962
0.5971503 	 27.0773259 	 141995.5760 	 1.068 	 94.963
0.5983176 	 27.4551670 	 172789.6634 	 1.064 	 95.010
0.5994702 	 27.8516438 	 204017.5076 	 1.061 	 95.030
0.6006094 	 28.2583350 	 234820.6506 	 1.057 	 95.030
0.6017316 	 28.6886724 	 267237.7284 	 1.055 	 95.087
0.6028389 	 29.1436141 	 298772.2605 	 1.053 	 95.097
0.6039302 	 29.6103587 	 330134.5486 	 1.049 	 95.113
0.6050054 	 30.1104345 	 359431.1291 	 1.047 	 95.162
0.6060635 	 30.6172266 	 390070.0022 	 1.045 	 95.152
0.6071057 	 31.1416532 	 417809.8491 	 1.044 	 95.190
0.6081312 	 31.6778759 	 443880.9620 	 1.043 	 95.191
0.6091395 	 32.2376967 	 470600.7593 	 1.042 	 95.211
0.6101313 	 32.8175006 	 492945.7342 	 1.041 	 95.224
0.6111073 	 33.4065133 	 519183.4224 	 1.041 	 95.238
0.6120661 	 34.0081284 	 544451.5805 	 1.040 	 95.241
0.6130090 	 34.6327968 	 568757.1342 	 1.041 	 95.246
0.6139364 	 35.2562241 	 594944.6833 	 1.040 	 95.234
0.6148480 	 35.9043072 	 619394.0233 	 1.041 	 95.250
0.6157436 	 36.5604898 	 642494.1710 	 1.042 	 95.237
0.6166239 	 37.2345692 	 666173.9554 	 1.043 	 95.261
0.6174895 	 37.9364457 	 689687.5238 	 1.044 	 95.281
0.6183400 	 38.6263350 	 715733.7342 	 1.046 	 95.257
0.6191755 	 39.3465533 	 742630.6791 	 1.047 	 95.256
0.6199963 	 40.0775654 	 772286.5505 	 1.048 	 95.251
0.6208026 	 40.8265439 	 795703.7939 	 1.050 	 95.236
0.6215951 	 41.5917964 	 820246.3316 	 1.052 	 95.241
0.6223742 	 42.3810629 	 840473.8374 	 1.053 	 95.240
0.6231386 	 43.1728405 	 856847.9887 	 1.055 	 95.201
0.6238893 	 44.0096007 	 873870.8581 	 1.057 	 95.224
0.6246262 	 44.8352377 	 890109.5718 	 1.058 	 95.229
0.6253504 	 45.7104849 	 906527.6595 	 1.061 	 95.223
0.6260619 	 46.6007699 	 919410.4503 	 1.062 	 95.246
0.6267603 	 47.4876739 	 930635.2195 	 1.064 	 95.213
0.6274452 	 48.4123401 	 940502.0570 	 1.067 	 95.205
0.6281173 	 49.3671153 	 948548.8252 	 1.068 	 95.222
0.6287768 	 50.3473289 	 955845.8517 	 1.070 	 95.208
0.6294244 	 51.3166074 	 961775.8908 	 1.073 	 95.192
