N=100 	 R=1000000 	 s=1 	 Save [density, Z, rho_t, like/unlike, events per sweep]
0.0001346 	 1.0005122 	 1.1027 	 1.007 	 10.125
0.0132578 	 1.1625391 	 12.1745 	 0.951 	 46.821
0.0260858 	 1.1528019 	 22.8548 	 1.005 	 78.910
0.0385038 	 1.1918527 	 33.5240 	 1.013 	 88.254
0.0505242 	 1.2396067 	 43.8666 	 1.017 	 92.010
0.0621761 	 1.2921966 	 54.0979 	 1.018 	 93.803
0.0734690 	 1.3482298 	 64.5445 	 1.019 	 94.761
0.0844263 	 1.4075955 	 74.9603 	 1.020 	 95.240
0.0950741 	 1.4696908 	 85.6203 	 1.021 	 95.529
0.1054093 	 1.5336441 	 96.3202 	 1.022 	 95.650
0.1154546 	 1.6001435 	 106.8384 	 1.023 	 95.746
0.1252172 	 1.6684567 	 117.9293 	 1.025 	 95.802
0.1347147 	 1.7387322 	 127.7566 	 1.026 	 95.848
0.1439510 	 1.8102047 	 137.1948 	 1.027 	 95.879
0.1529441 	 1.8839886 	 147.3439 	 1.028 	 95.853
0.1617046 	 1.9597635 	 157.3102 	 1.030 	 95.834
0.1702418 	 2.0371281 	 168.0564 	 1.031 	 95.824
0.1785528 	 2.1160486 	 178.1894 	 1.032 	 95.792
0.1866587 	 2.1962651 	 189.3059 	 1.033 	 95.764
0.1945559 	 2.2786780 	 199.7333 	 1.035 	 95.781
0.2022655 	 2.3622345 	 210.8115 	 1.036 	 95.762
0.2097905 	 2.4475948 	 224.3281 	 1.037 	 95.739
0.2171403 	 2.5342970 	 233.4219 	 1.039 	 95.697
0.2243118 	 2.6226572 	 242.8978 	 1.039 	 95.686
0.2313154 	 2.7127841 	 253.3580 	 1.041 	 95.677
0.2381637 	 2.8044959 	 262.0141 	 1.042 	 95.674
0.2448561 	 2.8971913 	 273.1547 	 1.043 	 95.638
0.2513996 	 2.9922003 	 283.5633 	 1.044 	 95.615
0.2578058 	 3.0883071 	 291.2165 	 1.046 	 95.606
0.2640715 	 3.1861954 	 302.8485 	 1.046 	 95.628
0.2702043 	 3.2853150 	 314.6463 	 1.047 	 95.579
0.2762021 	 3.3858267 	 323.7161 	 1.048 	 95.578
0.2820771 	 3.4880429 	 333.7817 	 1.050 	 95.530
0.2878334 	 3.5925815 	 345.8165 	 1.051 	 95.520
0.2934718 	 3.6972218 	 356.3898 	 1.052 	 95.506
0.2989979 	 3.8056132 	 364.8047 	 1.053 	 95.518
0.3044060 	 3.9141670 	 375.8206 	 1.054 	 95.528
0.3097103 	 4.0222385 	 383.9053 	 1.055 	 95.492
0.3149150 	 4.1343939 	 393.6515 	 1.056 	 95.460
0.3200204 	 4.2475000 	 404.5023 	 1.057 	 95.477
0.3250236 	 4.3623943 	 414.4004 	 1.058 	 95.478
0.3299339 	 4.4779511 	 426.5471 	 1.059 	 95.471
0.3347597 	 4.5943049 	 439.1209 	 1.060 	 95.404
0.3394920 	 4.7131296 	 450.9297 	 1.061 	 95.402
0.3441348 	 4.8348160 	 464.4279 	 1.061 	 95.439
0.3486965 	 4.9550196 	 477.0738 	 1.063 	 95.402
0.3531786 	 5.0792383 	 484.9838 	 1.064 	 95.394
0.3575754 	 5.2037541 	 494.7471 	 1.064 	 95.383
0.3618984 	 5.3288526 	 499.0971 	 1.065 	 95.359
0.3661480 	 5.4575972 	 511.6519 	 1.065 	 95.361
0.3703257 	 5.5851913 	 522.2368 	 1.067 	 95.336
0.3744305 	 5.7173576 	 528.1923 	 1.068 	 95.350
0.3784699 	 5.8494098 	 537.5679 	 1.068 	 95.334
0.3824397 	 5.9818316 	 553.6883 	 1.069 	 95.336
0.3863481 	 6.1169723 	 562.4987 	 1.070 	 95.306
0.3901908 	 6.2524678 	 570.5587 	 1.071 	 95.297
0.3939697 	 6.3895546 	 583.2082 	 1.071 	 95.277
0.3976887 	 6.5284655 	 591.7172 	 1.072 	 95.283
0.4013520 	 6.6703590 	 601.3350 	 1.073 	 95.296
0.4049530 	 6.8102267 	 611.7529 	 1.073 	 95.266
0.4084991 	 6.9554056 	 621.9617 	 1.074 	 95.273
0.4119922 	 7.0970992 	 630.6676 	 1.074 	 95.248
0.4154293 	 7.2427108 	 637.7067 	 1.075 	 95.241
0.4188147 	 7.3930889 	 647.8756 	 1.075 	 95.257
0.4221491 	 7.5404686 	 657.6007 	 1.076 	 95.234
0.4254337 	 7.6925589 	 670.0822 	 1.077 	 95.214
0.4286711 	 7.8428441 	 676.1159 	 1.077 	 95.210
0.4318586 	 7.9951389 	 695.3898 	 1.077 	 95.192
0.4350020 	 8.1498017 	 708.8699 	 1.078 	 95.212
0.4380989 	 8.3056998 	 717.6517 	 1.078 	 95.194
0.4411522 	 8.4631362 	 726.6185 	 1.080 	 95.193
0.4441633 	 8.6209130 	 740.5806 	 1.079 	 95.176
0.4471321 	 8.7793550 	 749.8410 	 1.079 	 95.191
0.4500604 	 8.9400582 	 757.8803 	 1.080 	 95.138
0.4529478 	 9.1019722 	 769.0379 	 1.081 	 95.145
0.4557934 	 9.2664608 	 777.4939 	 1.080 	 95.165
0.4586003 	 9.4322202 	 784.9926 	 1.082 	 95.160
0.4613726 	 9.5990356 	 792.2756 	 1.082 	 95.171
0.4641094 	 9.7638544 	 803.4478 	 1.082 	 95.105
0.4668069 	 9.9330743 	 816.6208 	 1.083 	 95.138
0.4694681 	 10.1030612 	 824.1000 	 1.083 	 95.086
0.4720946 	 10.2763339 	 830.3272 	 1.084 	 95.127
0.4746883 	 10.4497018 	 837.2338 	 1.085 	 95.112
0.4772471 	 10.6253240 	 843.8732 	 1.084 	 95.119
0.4797753 	 10.7970514 	 855.6118 	 1.084 	 95.086
0.4822699 	 10.9773843 	 868.9968 	 1.085 	 95.121
0.4847331 	 11.1544813 	 879.7495 	 1.085 	 95.097
0.4871671 	 11.3350593 	 882.3449 	 1.086 	 95.079
0.4895732 	 11.5191908 	 886.8656 	 1.086 	 95.090
0.4919468 	 11.7010199 	 898.3949 	 1.086 	 95.078
0.4942904 	 11.8815642 	 906.1645 	 1.087 	 95.039
0.4966045 	 12.0699332 	 915.5221 	 1.086 	 95.062
0.4988928 	 12.2545032 	 929.8125 	 1.087 	 95.056
0.5011519 	 12.4434952 	 941.3834 	 1.087 	 95.062
0.5033842 	 12.6354611 	 952.4515 	 1.087 	 95.045
0.5055894 	 12.8234868 	 969.8286 	 1.087 	 95.031
0.5077719 	 13.0181974 	 986.6724 	 1.087 	 95.025
0.5099262 	 13.2068307 	 993.7509 	 1.087 	 95.008
0.5120547 	 13.3999538 	 1006.8768 	 1.088 	 95.000
0.5141611 	 13.5971823 	 1019.1326 	 1.087 	 95.003
0.5162439 	 13.7951839 	 1030.3739 	 1.088 	 94.991
0.5183006 	 13.9992427 	 1044.2536 	 1.088 	 94.990
0.5203331 	 14.1952825 	 1053.5792 	 1.088 	 94.997
0.5223437 	 14.3990127 	 1070.8618 	 1.088 	 94.995
0.5243310 	 14.6021175 	 1077.0521 	 1.088 	 94.995
0.5262977 	 14.8077979 	 1087.3621 	 1.088 	 94.987
0.5282420 	 15.0119958 	 1103.6654 	 1.088 	 94.986
0.5301649 	 15.2188025 	 1115.4363 	 1.087 	 94.981
0.5320653 	 15.4299519 	 1118.1147 	 1.087 	 94.968
0.5339475 	 15.6391890 	 1133.1694 	 1.088 	 94.977
0.5358100 	 15.8580681 	 1144.0493 	 1.089 	 94.988
0.5376509 	 16.0675067 	 1162.2820 	 1.088 	 94.964
0.5394707 	 16.2813486 	 1175.3475 	 1.088 	 94.936
0.5412710 	 16.5009740 	 1192.2710 	 1.088 	 94.969
0.5430514 	 16.7130548 	 1214.0966 	 1.088 	 94.901
0.5448149 	 16.9406544 	 1229.9795 	 1.088 	 94.944
0.5465592 	 17.1646529 	 1248.0650 	 1.088 	 94.926
0.5482829 	 17.3864401 	 1272.0789 	 1.089 	 94.944
0.5499917 	 17.6141107 	 1304.7317 	 1.089 	 94.928
0.5516804 	 17.8393212 	 1345.7054 	 1.089 	 94.931
0.5533523 	 18.0637910 	 1375.6349 	 1.088 	 94.880
0.5550061 	 18.2960542 	 1418.9582 	 1.088 	 94.930
0.5566427 	 18.5269870 	 1478.7195 	 1.088 	 94.867
0.5582633 	 18.7609979 	 1540.1075 	 1.088 	 94.896
0.5598663 	 18.9935541 	 1635.5665 	 1.087 	 94.877
0.5614537 	 19.2312847 	 1745.3060 	 1.087 	 94.904
0.5630257 	 19.4812732 	 1876.8272 	 1.087 	 94.882
0.5645804 	 19.7281776 	 2058.7169 	 1.087 	 94.884
0.5661189 	 19.9806296 	 2289.7208 	 1.086 	 94.881
0.5676415 	 20.2273206 	 2551.5334 	 1.086 	 94.863
0.5691474 	 20.4893948 	 2931.4884 	 1.085 	 94.873
0.5706358 	 20.7487156 	 3424.5290 	 1.085 	 94.853
0.5721109 	 21.0152079 	 3924.7875 	 1.084 	 94.831
0.5735688 	 21.2871723 	 4527.0602 	 1.083 	 94.852
0.5750110 	 21.5727102 	 5244.7815 	 1.081 	 94.871
0.5764372 	 21.8535200 	 6149.5177 	 1.079 	 94.843
0.5778458 	 22.1510813 	 7212.4072 	 1.078 	 94.845
0.5792390 	 22.4428020 	 8537.7796 	 1.075 	 94.823
0.5806157 	 22.7458882 	 10309.2359 	 1.074 	 94.846
0.5819774 	 23.0566748 	 12532.7343 	 1.071 	 94.825
0.5833223 	 23.3801723 	 14758.3370 	 1.069 	 94.833
0.5846513 	 23.7060344 	 17719.6291 	 1.066 	 94.845
0.5859644 	 24.0422270 	 21243.4217 	 1.063 	 94.832
0.5872600 	 24.3923088 	 25367.9799 	 1.061 	 94.819
0.5885386 	 24.7466605 	 29975.6518 	 1.057 	 94.800
0.5898013 	 25.1199438 	 35288.3700 	 1.054 	 94.815
0.5910466 	 25.4997635 	 40400.3755 	 1.051 	 94.792
0.5922749 	 25.8921331 	 46374.5197 	 1.048 	 94.808
0.5934871 	 26.2919928 	 53641.0402 	 1.046 	 94.801
0.5946813 	 26.7131383 	 60763.6936 	 1.044 	 94.771
0.5958590 	 27.1406081 	 67419.3981 	 1.042 	 94.763
0.5970187 	 27.5920644 	 74676.0498 	 1.041 	 94.786
0.5981621 	 28.0536060 	 81760.8161 	 1.039 	 94.774
0.5992884 	 28.5174440 	 88811.4138 	 1.039 	 94.754
0.6003969 	 29.0022011 	 96960.0985 	 1.037 	 94.746
0.6014891 	 29.5008859 	 103748.6935 	 1.037 	 94.755
0.6025627 	 30.0106998 	 111521.5976 	 1.037 	 94.713
0.6036194 	 30.5408720 	 118327.6690 	 1.037 	 94.731
0.6046591 	 31.0776162 	 125368.1633 	 1.037 	 94.729
0.6056821 	 31.6216349 	 130865.1154 	 1.037 	 94.727
0.6066889 	 32.1789053 	 136056.0823 	 1.037 	 94.716
0.6076795 	 32.7519062 	 140887.4086 	 1.038 	 94.724
0.6086533 	 33.3248348 	 142821.8654 	 1.040 	 94.721
0.6096110 	 33.8927885 	 144928.4716 	 1.042 	 94.697
0.6105538 	 34.4793914 	 145995.6062 	 1.043 	 94.732
0.6114817 	 35.0768581 	 143209.9964 	 1.047 	 94.697
0.6123948 	 35.6726963 	 139702.1987 	 1.050 	 94.727
0.6132941 	 36.2531746 	 136859.2772 	 1.055 	 94.698
0.6141796 	 36.8327965 	 135344.9553 	 1.059 	 94.751
0.6150525 	 37.3969730 	 135227.8678 	 1.065 	 94.741
0.6159138 	 37.9388608 	 142767.6758 	 1.070 	 94.757
0.6167637 	 38.4667764 	 160487.3409 	 1.078 	 94.773
0.6176021 	 38.9887642 	 189250.2229 	 1.085 	 94.821
0.6184314 	 39.5060011 	 232363.0554 	 1.092 	 94.820
0.6192509 	 39.9974516 	 286644.5833 	 1.100 	 94.817
0.6200596 	 40.5285316 	 351860.6608 	 1.108 	 94.835
0.6208593 	 41.0681594 	 420699.3436 	 1.116 	 94.857
0.6216488 	 41.6391837 	 490274.1572 	 1.125 	 94.866
0.6224287 	 42.2277578 	 555037.4755 	 1.134 	 94.874
0.6231976 	 42.8676835 	 607065.2476 	 1.142 	 94.860
0.6239553 	 43.5230929 	 652926.5568 	 1.151 	 94.831
0.6247027 	 44.2085926 	 694704.7813 	 1.160 	 94.842
0.6254388 	 44.9422641 	 729091.4554 	 1.169 	 94.840
0.6261631 	 45.6784762 	 758526.6672 	 1.179 	 94.796
0.6268767 	 46.4491581 	 782523.1463 	 1.188 	 94.780
0.6275780 	 47.2426988 	 807344.6813 	 1.197 	 94.751
0.6282679 	 48.0573707 	 828785.9511 	 1.206 	 94.729
0.6289472 	 48.9088057 	 850571.3613 	 1.214 	 94.731
0.6296147 	 49.7934482 	 867776.0061 	 1.222 	 94.711
