N=100 	 R=1000000 	 s=1 	 Save [density, Z, rho_t, like/unlike, events per sweep]
0.0001357 	 1.0005170 	 1.1026 	 1.004 	 10.126
0.0132536 	 1.1626522 	 12.1874 	 0.951 	 46.790
0.0260705 	 1.1528250 	 22.9119 	 1.004 	 78.884
0.0384840 	 1.1917368 	 33.4086 	 1.013 	 88.233
0.0504952 	 1.2394912 	 43.8188 	 1.016 	 92.016
0.0621474 	 1.2920700 	 54.4129 	 1.018 	 93.799
0.0734388 	 1.3480194 	 65.3759 	 1.019 	 94.757
0.0844024 	 1.4074317 	 75.9122 	 1.020 	 95.221
0.0950449 	 1.4694178 	 86.2253 	 1.021 	 95.551
0.1053823 	 1.5335235 	 97.1486 	 1.022 	 95.664
0.1154252 	 1.5997690 	 108.2320 	 1.023 	 95.756
0.1251892 	 1.6680564 	 118.9195 	 1.025 	 95.783
0.1346804 	 1.7384797 	 128.8116 	 1.026 	 95.842
0.1439183 	 1.8098881 	 138.5613 	 1.027 	 95.885
0.1529121 	 1.8838076 	 148.7158 	 1.028 	 95.828
0.1616762 	 1.9595274 	 158.8174 	 1.030 	 95.820
0.1702065 	 2.0365422 	 170.0065 	 1.031 	 95.774
0.1785157 	 2.1155810 	 181.2433 	 1.032 	 95.798
0.1866211 	 2.1962940 	 192.4747 	 1.034 	 95.784
0.1945228 	 2.2781034 	 204.1746 	 1.034 	 95.767
0.2022348 	 2.3617175 	 213.9726 	 1.036 	 95.729
0.2097598 	 2.4471548 	 225.3950 	 1.037 	 95.720
0.2171069 	 2.5342417 	 235.1947 	 1.039 	 95.715
0.2242850 	 2.6223725 	 246.2230 	 1.040 	 95.679
0.2312908 	 2.7124913 	 256.0413 	 1.041 	 95.675
0.2381455 	 2.8037799 	 265.1718 	 1.042 	 95.666
0.2448395 	 2.8972836 	 276.7789 	 1.043 	 95.650
0.2513909 	 2.9918680 	 287.8272 	 1.044 	 95.608
0.2577876 	 3.0878438 	 295.8200 	 1.045 	 95.632
0.2640486 	 3.1859264 	 307.2635 	 1.046 	 95.600
0.2701777 	 3.2848588 	 318.1339 	 1.048 	 95.580
0.2761782 	 3.3856134 	 329.4684 	 1.049 	 95.565
0.2820582 	 3.4882563 	 342.1096 	 1.050 	 95.548
0.2878073 	 3.5922540 	 354.0912 	 1.051 	 95.556
0.2934465 	 3.6980496 	 365.0853 	 1.052 	 95.543
0.2989657 	 3.8035254 	 373.7441 	 1.053 	 95.503
0.3043819 	 3.9132309 	 382.4995 	 1.054 	 95.519
0.3096858 	 4.0224384 	 394.9839 	 1.055 	 95.484
0.3148929 	 4.1340860 	 403.8372 	 1.056 	 95.468
0.3199973 	 4.2473316 	 412.9492 	 1.056 	 95.481
0.3250057 	 4.3618315 	 422.7596 	 1.057 	 95.444
0.3299205 	 4.4770507 	 433.0824 	 1.059 	 95.460
0.3347451 	 4.5944806 	 444.3386 	 1.060 	 95.438
0.3394826 	 4.7138323 	 455.4007 	 1.061 	 95.437
0.3441324 	 4.8337513 	 466.3368 	 1.061 	 95.399
0.3486957 	 4.9558015 	 481.0250 	 1.063 	 95.408
0.3531763 	 5.0791035 	 492.1030 	 1.064 	 95.393
0.3575826 	 5.2033843 	 498.7329 	 1.066 	 95.344
0.3619088 	 5.3289674 	 506.7409 	 1.065 	 95.361
0.3661592 	 5.4570926 	 518.2926 	 1.066 	 95.338
0.3703360 	 5.5860881 	 526.8782 	 1.066 	 95.343
0.3744442 	 5.7160999 	 535.2533 	 1.067 	 95.309
0.3784805 	 5.8484148 	 546.4298 	 1.068 	 95.296
0.3824482 	 5.9826924 	 557.2106 	 1.068 	 95.334
0.3863527 	 6.1174383 	 570.5409 	 1.070 	 95.327
0.3901930 	 6.2528434 	 582.8923 	 1.070 	 95.315
0.3939743 	 6.3919975 	 592.6416 	 1.071 	 95.315
0.3976961 	 6.5280673 	 602.3066 	 1.072 	 95.256
0.4013555 	 6.6711842 	 615.2355 	 1.073 	 95.302
0.4049601 	 6.8103562 	 625.6873 	 1.074 	 95.257
0.4085052 	 6.9536800 	 635.3525 	 1.075 	 95.260
0.4119973 	 7.1002288 	 645.2069 	 1.075 	 95.259
0.4154345 	 7.2444560 	 656.8042 	 1.075 	 95.205
0.4188219 	 7.3909797 	 667.4378 	 1.075 	 95.218
0.4221555 	 7.5404292 	 679.5156 	 1.076 	 95.211
0.4254410 	 7.6911635 	 692.2051 	 1.077 	 95.197
0.4286765 	 7.8429129 	 703.3610 	 1.077 	 95.203
0.4318657 	 7.9943110 	 714.4453 	 1.078 	 95.233
0.4350092 	 8.1498067 	 729.5836 	 1.078 	 95.187
0.4381056 	 8.3056128 	 741.0738 	 1.079 	 95.174
0.4411596 	 8.4641752 	 745.4573 	 1.079 	 95.207
0.4441712 	 8.6224255 	 750.4289 	 1.079 	 95.205
0.4471394 	 8.7793323 	 764.7808 	 1.080 	 95.145
0.4500672 	 8.9392132 	 771.4320 	 1.080 	 95.149
0.4529542 	 9.1030341 	 779.2442 	 1.081 	 95.121
0.4558010 	 9.2674599 	 786.2766 	 1.082 	 95.160
0.4586107 	 9.4316368 	 791.1388 	 1.083 	 95.130
0.4613803 	 9.6007670 	 798.9121 	 1.083 	 95.185
0.4641158 	 9.7641839 	 806.4725 	 1.083 	 95.155
0.4668122 	 9.9336362 	 808.9407 	 1.084 	 95.110
0.4694763 	 10.1057857 	 821.6379 	 1.083 	 95.111
0.4721046 	 10.2776553 	 831.0265 	 1.084 	 95.095
0.4746984 	 10.4513561 	 842.7105 	 1.084 	 95.120
0.4772582 	 10.6240288 	 851.8350 	 1.084 	 95.093
0.4797866 	 10.8022313 	 860.0523 	 1.084 	 95.131
0.4822805 	 10.9782110 	 868.8756 	 1.085 	 95.099
0.4847442 	 11.1568964 	 884.2889 	 1.084 	 95.084
0.4871792 	 11.3351698 	 894.6860 	 1.085 	 95.104
0.4895807 	 11.5181030 	 911.6056 	 1.085 	 95.076
0.4919533 	 11.6985799 	 926.4486 	 1.086 	 95.078
0.4942956 	 11.8851951 	 939.7740 	 1.086 	 95.065
0.4966107 	 12.0686568 	 948.7465 	 1.085 	 95.030
0.4988989 	 12.2570712 	 957.1371 	 1.085 	 95.047
0.5011592 	 12.4436889 	 971.1556 	 1.086 	 95.085
0.5033931 	 12.6335540 	 983.0229 	 1.086 	 95.047
0.5055990 	 12.8238023 	 1000.1023 	 1.085 	 95.063
0.5077784 	 13.0183846 	 1010.6668 	 1.085 	 95.049
0.5099334 	 13.2115221 	 1019.7005 	 1.086 	 95.039
0.5120620 	 13.4022637 	 1030.4461 	 1.086 	 95.001
0.5141662 	 13.6041219 	 1033.7017 	 1.086 	 95.016
0.5162457 	 13.7945644 	 1038.7891 	 1.086 	 95.010
0.5183026 	 13.9935257 	 1048.7477 	 1.086 	 94.989
0.5203368 	 14.1976671 	 1057.5104 	 1.087 	 95.001
0.5223479 	 14.4015697 	 1079.7424 	 1.088 	 95.006
0.5243343 	 14.6059283 	 1089.4401 	 1.087 	 94.996
0.5263024 	 14.8074618 	 1095.0234 	 1.087 	 94.984
0.5282460 	 15.0185966 	 1108.2118 	 1.087 	 94.985
0.5301697 	 15.2263322 	 1120.0779 	 1.088 	 94.972
0.5320721 	 15.4393496 	 1130.8825 	 1.087 	 94.978
0.5339520 	 15.6462817 	 1144.3754 	 1.087 	 94.967
0.5358116 	 15.8561295 	 1161.6015 	 1.087 	 94.962
0.5376525 	 16.0695852 	 1171.7691 	 1.088 	 94.974
0.5394723 	 16.2849243 	 1184.6302 	 1.086 	 94.946
0.5412728 	 16.5021255 	 1208.4330 	 1.086 	 94.942
0.5430549 	 16.7182798 	 1222.3709 	 1.087 	 94.938
0.5448177 	 16.9393322 	 1243.9678 	 1.086 	 94.930
0.5465617 	 17.1560518 	 1255.9805 	 1.086 	 94.941
0.5482883 	 17.3826096 	 1285.8785 	 1.085 	 94.935
0.5499957 	 17.6030748 	 1319.9509 	 1.085 	 94.903
0.5516858 	 17.8306847 	 1345.5540 	 1.085 	 94.913
0.5533580 	 18.0595539 	 1381.8594 	 1.085 	 94.930
0.5550136 	 18.2891542 	 1440.6994 	 1.084 	 94.919
0.5566525 	 18.5182079 	 1501.1619 	 1.084 	 94.882
0.5582739 	 18.7597727 	 1577.1841 	 1.083 	 94.932
0.5598770 	 19.0006316 	 1681.0156 	 1.083 	 94.892
0.5614645 	 19.2314841 	 1825.6377 	 1.082 	 94.890
0.5630364 	 19.4705879 	 2025.6722 	 1.081 	 94.890
0.5645909 	 19.7171090 	 2349.3565 	 1.081 	 94.905
0.5661301 	 19.9590120 	 2750.0197 	 1.079 	 94.853
0.5676533 	 20.2154052 	 3356.3553 	 1.078 	 94.877
0.5691612 	 20.4677982 	 4129.7893 	 1.076 	 94.882
0.5706528 	 20.7187534 	 5323.0190 	 1.074 	 94.876
0.5721293 	 20.9704336 	 6874.4278 	 1.072 	 94.831
0.5735908 	 21.2400017 	 9199.3773 	 1.069 	 94.853
0.5750371 	 21.5167984 	 12026.4988 	 1.065 	 94.844
0.5764665 	 21.7986439 	 15671.8380 	 1.064 	 94.809
0.5778793 	 22.0930037 	 20289.6583 	 1.061 	 94.794
0.5792761 	 22.3950645 	 26066.8726 	 1.057 	 94.816
0.5806567 	 22.7036295 	 32567.8633 	 1.055 	 94.786
0.5820206 	 23.0282636 	 40805.1537 	 1.052 	 94.781
0.5833671 	 23.3627054 	 49310.5981 	 1.050 	 94.729
0.5846965 	 23.7080785 	 58387.7569 	 1.048 	 94.740
0.5860087 	 24.0765839 	 66449.1340 	 1.047 	 94.719
0.5873029 	 24.4514493 	 75468.7123 	 1.046 	 94.679
0.5885783 	 24.8364678 	 83635.7825 	 1.046 	 94.664
0.5898340 	 25.2442280 	 90843.9602 	 1.046 	 94.638
0.5910720 	 25.6634132 	 98495.1724 	 1.046 	 94.660
0.5922918 	 26.0830663 	 103920.4124 	 1.046 	 94.623
0.5934943 	 26.5172903 	 107345.8146 	 1.046 	 94.646
0.5946778 	 26.9601348 	 109956.6182 	 1.048 	 94.582
0.5958428 	 27.4200977 	 109386.3028 	 1.048 	 94.612
0.5969917 	 27.8731266 	 110195.7466 	 1.048 	 94.593
0.5981226 	 28.3505415 	 110684.5885 	 1.049 	 94.614
0.5992355 	 28.8160350 	 110383.9201 	 1.050 	 94.650
0.6003330 	 29.2795870 	 110230.0370 	 1.049 	 94.666
0.6014141 	 29.7571034 	 111406.4761 	 1.050 	 94.713
0.6024786 	 30.2311744 	 116554.0239 	 1.051 	 94.741
0.6035282 	 30.7029953 	 122081.9935 	 1.052 	 94.780
0.6045630 	 31.1843691 	 131467.5392 	 1.052 	 94.865
0.6055825 	 31.6612987 	 143506.8403 	 1.052 	 94.870
0.6065888 	 32.1480333 	 159611.1815 	 1.053 	 94.933
0.6075805 	 32.6265482 	 176993.7341 	 1.053 	 94.976
0.6085588 	 33.1260050 	 196129.4878 	 1.053 	 95.007
0.6095227 	 33.6409350 	 213225.5480 	 1.053 	 95.067
0.6104732 	 34.1803422 	 230437.3053 	 1.055 	 95.099
0.6114103 	 34.7037595 	 246296.0506 	 1.056 	 95.099
0.6123336 	 35.2790636 	 261299.4263 	 1.057 	 95.116
0.6132427 	 35.8602621 	 271884.7815 	 1.059 	 95.134
0.6141375 	 36.4606927 	 281571.0086 	 1.062 	 95.170
0.6150190 	 37.0882084 	 287258.5213 	 1.065 	 95.175
0.6158864 	 37.7117651 	 289957.5982 	 1.069 	 95.101
0.6167401 	 38.3791350 	 293230.0672 	 1.073 	 95.102
0.6175797 	 39.0353893 	 299105.5264 	 1.077 	 95.090
0.6184059 	 39.7129793 	 304305.9972 	 1.080 	 95.062
0.6192179 	 40.4121619 	 311187.9173 	 1.085 	 95.046
0.6200168 	 41.1217052 	 324068.9435 	 1.087 	 95.026
0.6208025 	 41.8455471 	 343046.9387 	 1.090 	 95.030
0.6215764 	 42.5602539 	 369486.8879 	 1.095 	 95.004
0.6223371 	 43.2808935 	 400295.9021 	 1.098 	 94.975
0.6230860 	 44.0317705 	 441023.5382 	 1.102 	 94.949
0.6238220 	 44.7981469 	 486783.3504 	 1.107 	 94.958
0.6245465 	 45.5598436 	 540205.2206 	 1.109 	 94.890
0.6252596 	 46.3440449 	 595282.1095 	 1.112 	 94.914
0.6259611 	 47.1518270 	 650579.5667 	 1.116 	 94.870
0.6266513 	 47.9758636 	 701143.9847 	 1.118 	 94.886
0.6273298 	 48.8270679 	 748180.9999 	 1.121 	 94.870
0.6279968 	 49.7093771 	 793065.1740 	 1.124 	 94.870
0.6286525 	 50.6050465 	 832438.4456 	 1.126 	 94.896
0.6292971 	 51.4911905 	 867177.4018 	 1.128 	 94.885
0.6299304 	 52.4356078 	 894509.4408 	 1.131 	 94.870
