N=100 	 R=1000000 	 s=1 	 Save [density, Z, rho_t, like/unlike, events per sweep]
0.0001357 	 1.0005178 	 1.1026 	 1.000 	 10.126
0.0132586 	 1.1625680 	 12.2364 	 0.950 	 46.825
0.0260930 	 1.1528930 	 22.8344 	 1.005 	 78.943
0.0385014 	 1.1918236 	 33.1597 	 1.013 	 88.234
0.0505299 	 1.2395996 	 43.5270 	 1.016 	 92.005
0.0621739 	 1.2922568 	 53.9542 	 1.018 	 93.833
0.0734752 	 1.3482901 	 64.5839 	 1.019 	 94.779
0.0844377 	 1.4076561 	 75.0751 	 1.020 	 95.253
0.0950757 	 1.4695613 	 85.6225 	 1.021 	 95.500
0.1054119 	 1.5338312 	 95.8089 	 1.022 	 95.692
0.1154519 	 1.6001577 	 106.7492 	 1.024 	 95.797
0.1252214 	 1.6684744 	 117.8642 	 1.025 	 95.777
0.1347152 	 1.7387064 	 129.6474 	 1.026 	 95.817
0.1439450 	 1.8100489 	 139.6690 	 1.026 	 95.839
0.1529341 	 1.8839532 	 149.7946 	 1.029 	 95.862
0.1616898 	 1.9598665 	 160.9585 	 1.029 	 95.828
0.1702245 	 2.0368644 	 172.4571 	 1.031 	 95.796
0.1785384 	 2.1157514 	 181.9883 	 1.032 	 95.789
0.1866447 	 2.1965236 	 191.8810 	 1.033 	 95.761
0.1945470 	 2.2782029 	 203.2768 	 1.035 	 95.736
0.2022590 	 2.3618907 	 215.1507 	 1.036 	 95.715
0.2097897 	 2.4476019 	 226.1447 	 1.037 	 95.729
0.2171306 	 2.5341251 	 237.1196 	 1.038 	 95.685
0.2243001 	 2.6222465 	 244.4242 	 1.040 	 95.657
0.2313076 	 2.7127561 	 253.9258 	 1.041 	 95.693
0.2381601 	 2.8040187 	 262.8430 	 1.042 	 95.635
0.2448597 	 2.8972995 	 273.9683 	 1.043 	 95.622
0.2514064 	 2.9921752 	 282.8183 	 1.044 	 95.615
0.2578112 	 3.0883601 	 292.2177 	 1.045 	 95.602
0.2640746 	 3.1858340 	 303.7941 	 1.046 	 95.574
0.2701986 	 3.2853515 	 311.4041 	 1.047 	 95.585
0.2761982 	 3.3869065 	 323.1697 	 1.049 	 95.587
0.2820717 	 3.4888760 	 334.0150 	 1.050 	 95.581
0.2878226 	 3.5921268 	 343.4447 	 1.051 	 95.530
0.2934646 	 3.6980663 	 355.2822 	 1.052 	 95.545
0.2989915 	 3.8048011 	 365.5764 	 1.053 	 95.520
0.3044031 	 3.9131911 	 374.5745 	 1.054 	 95.490
0.3097143 	 4.0234394 	 385.1643 	 1.055 	 95.499
0.3149193 	 4.1343243 	 394.2245 	 1.056 	 95.470
0.3200220 	 4.2474992 	 402.8887 	 1.057 	 95.449
0.3250294 	 4.3622632 	 412.5143 	 1.058 	 95.452
0.3299430 	 4.4777301 	 422.1939 	 1.059 	 95.472
0.3347629 	 4.5961577 	 431.5848 	 1.060 	 95.455
0.3394929 	 4.7143088 	 443.7493 	 1.061 	 95.430
0.3441420 	 4.8342655 	 454.7221 	 1.061 	 95.432
0.3487044 	 4.9558158 	 464.6528 	 1.062 	 95.405
0.3531860 	 5.0795824 	 471.0585 	 1.063 	 95.416
0.3575895 	 5.2041686 	 482.0610 	 1.064 	 95.387
0.3619167 	 5.3292060 	 494.3789 	 1.065 	 95.345
0.3661664 	 5.4581128 	 503.9177 	 1.066 	 95.351
0.3703463 	 5.5862755 	 511.2422 	 1.067 	 95.329
0.3744528 	 5.7168107 	 523.6522 	 1.067 	 95.307
0.3784923 	 5.8482005 	 537.5837 	 1.068 	 95.310
0.3824610 	 5.9832402 	 547.3572 	 1.069 	 95.316
0.3863647 	 6.1159495 	 557.9998 	 1.069 	 95.280
0.3902079 	 6.2541471 	 569.4603 	 1.070 	 95.291
0.3939860 	 6.3901242 	 581.3181 	 1.071 	 95.296
0.3977036 	 6.5296159 	 591.3046 	 1.071 	 95.274
0.4013640 	 6.6714125 	 604.1802 	 1.072 	 95.256
0.4049679 	 6.8117701 	 618.3190 	 1.073 	 95.269
0.4085133 	 6.9547957 	 623.2585 	 1.073 	 95.274
0.4120048 	 7.1004803 	 635.7598 	 1.074 	 95.251
0.4154405 	 7.2435457 	 648.6522 	 1.075 	 95.217
0.4188286 	 7.3920919 	 660.7606 	 1.076 	 95.207
0.4221646 	 7.5421296 	 668.4689 	 1.076 	 95.207
0.4254521 	 7.6925936 	 673.6843 	 1.076 	 95.218
0.4286884 	 7.8436592 	 683.3339 	 1.077 	 95.224
0.4318794 	 7.9973827 	 696.6860 	 1.077 	 95.212
0.4350252 	 8.1510429 	 705.0680 	 1.078 	 95.207
0.4381214 	 8.3065872 	 708.5156 	 1.079 	 95.173
0.4411769 	 8.4634353 	 716.7928 	 1.080 	 95.166
0.4441875 	 8.6211426 	 731.0680 	 1.079 	 95.180
0.4471553 	 8.7806089 	 737.4986 	 1.080 	 95.164
0.4500829 	 8.9404471 	 744.7659 	 1.082 	 95.157
0.4529672 	 9.1046897 	 763.2866 	 1.081 	 95.154
0.4558140 	 9.2694235 	 778.4221 	 1.082 	 95.172
0.4586238 	 9.4317793 	 788.3126 	 1.082 	 95.124
0.4613930 	 9.5982731 	 802.4137 	 1.083 	 95.115
0.4641279 	 9.7645034 	 811.4714 	 1.083 	 95.118
0.4668268 	 9.9345163 	 826.2604 	 1.083 	 95.125
0.4694901 	 10.1070048 	 839.7061 	 1.083 	 95.099
0.4721166 	 10.2786255 	 853.5582 	 1.083 	 95.106
0.4747096 	 10.4505097 	 872.3496 	 1.085 	 95.100
0.4772689 	 10.6226091 	 887.4479 	 1.084 	 95.115
0.4797960 	 10.8006748 	 898.4707 	 1.085 	 95.114
0.4822921 	 10.9780048 	 908.9142 	 1.085 	 95.082
0.4847557 	 11.1610475 	 917.9106 	 1.085 	 95.123
0.4871876 	 11.3370084 	 933.8200 	 1.086 	 95.089
0.4895874 	 11.5180521 	 943.0045 	 1.086 	 95.067
0.4919593 	 11.6992063 	 952.1586 	 1.086 	 95.065
0.4943034 	 11.8857538 	 955.0355 	 1.086 	 95.079
0.4966198 	 12.0705768 	 964.9951 	 1.087 	 95.069
0.4989060 	 12.2558938 	 980.0286 	 1.087 	 95.049
0.5011672 	 12.4436926 	 983.0769 	 1.087 	 95.054
0.5033992 	 12.6352665 	 987.2630 	 1.087 	 95.022
0.5056073 	 12.8253719 	 1006.0396 	 1.087 	 95.044
0.5077854 	 13.0137418 	 1015.4232 	 1.087 	 95.012
0.5099402 	 13.2092438 	 1031.7184 	 1.087 	 95.039
0.5120717 	 13.4054712 	 1037.6059 	 1.087 	 95.019
0.5141761 	 13.5994471 	 1044.6212 	 1.087 	 95.006
0.5162583 	 13.8018078 	 1056.9484 	 1.088 	 95.018
0.5183146 	 13.9982993 	 1058.6609 	 1.088 	 95.006
0.5203484 	 14.2016070 	 1062.3362 	 1.089 	 95.006
0.5223598 	 14.4031173 	 1068.5615 	 1.088 	 95.012
0.5243467 	 14.6088651 	 1087.1368 	 1.088 	 95.023
0.5263130 	 14.8096669 	 1105.2398 	 1.088 	 94.975
0.5282563 	 15.0167332 	 1118.0017 	 1.088 	 94.980
0.5301786 	 15.2266230 	 1128.7469 	 1.088 	 94.990
0.5320784 	 15.4363804 	 1142.3922 	 1.089 	 94.981
0.5339588 	 15.6438067 	 1172.4925 	 1.088 	 94.988
0.5358205 	 15.8557718 	 1182.8732 	 1.089 	 94.975
0.5376616 	 16.0625528 	 1205.1038 	 1.089 	 94.938
0.5394825 	 16.2796037 	 1224.5197 	 1.088 	 94.939
0.5412840 	 16.4957797 	 1253.3574 	 1.088 	 94.919
0.5430647 	 16.7185600 	 1273.2588 	 1.088 	 94.938
0.5448287 	 16.9378999 	 1290.9482 	 1.087 	 94.950
0.5465732 	 17.1561333 	 1307.6841 	 1.088 	 94.934
0.5483006 	 17.3779475 	 1335.3490 	 1.088 	 94.927
0.5500093 	 17.6029570 	 1367.9700 	 1.088 	 94.938
0.5516994 	 17.8324257 	 1407.4572 	 1.087 	 94.922
0.5533736 	 18.0599356 	 1446.6212 	 1.087 	 94.930
0.5550277 	 18.2804547 	 1496.9942 	 1.088 	 94.904
0.5566678 	 18.5145341 	 1562.9341 	 1.088 	 94.898
0.5582903 	 18.7400533 	 1646.5871 	 1.088 	 94.887
0.5598964 	 18.9727202 	 1787.3334 	 1.087 	 94.893
0.5614871 	 19.2083186 	 1951.9064 	 1.087 	 94.905
0.5630605 	 19.4443690 	 2169.0495 	 1.086 	 94.881
0.5646185 	 19.6826328 	 2428.7258 	 1.086 	 94.888
0.5661625 	 19.9241051 	 2767.9393 	 1.084 	 94.880
0.5676902 	 20.1653910 	 3242.6034 	 1.084 	 94.860
0.5692019 	 20.4127049 	 3838.1906 	 1.083 	 94.857
0.5706985 	 20.6660121 	 4625.7070 	 1.081 	 94.866
0.5721791 	 20.9152215 	 5568.6904 	 1.080 	 94.861
0.5736449 	 21.1822520 	 6698.4292 	 1.079 	 94.877
0.5750959 	 21.4462410 	 7903.5597 	 1.079 	 94.845
0.5765318 	 21.7326203 	 9470.9898 	 1.078 	 94.878
0.5779515 	 22.0056331 	 11249.2310 	 1.078 	 94.880
0.5793532 	 22.2926236 	 13233.2808 	 1.077 	 94.843
0.5807403 	 22.5973617 	 15302.5708 	 1.076 	 94.843
0.5821121 	 22.8951053 	 17690.9698 	 1.076 	 94.839
0.5834675 	 23.2140374 	 19995.6988 	 1.075 	 94.846
0.5848060 	 23.5413758 	 22630.1136 	 1.076 	 94.875
0.5861295 	 23.8674760 	 26045.1936 	 1.075 	 94.906
0.5874363 	 24.1889032 	 30358.0664 	 1.075 	 94.909
0.5887281 	 24.5252810 	 36213.0321 	 1.075 	 94.931
0.5900041 	 24.8502756 	 44201.3877 	 1.074 	 94.884
0.5912652 	 25.1812754 	 57742.5615 	 1.075 	 94.914
0.5925127 	 25.5095918 	 78422.5872 	 1.076 	 94.974
0.5937456 	 25.8320437 	 108134.9677 	 1.076 	 95.031
0.5949648 	 26.1505331 	 148792.3078 	 1.076 	 95.053
0.5961719 	 26.4706872 	 206810.0028 	 1.076 	 95.086
0.5973660 	 26.8195466 	 273536.1081 	 1.077 	 95.187
0.5985476 	 27.1537168 	 352123.9545 	 1.077 	 95.206
0.5997137 	 27.5137370 	 439294.8669 	 1.076 	 95.236
0.6008669 	 27.8975833 	 526773.6766 	 1.076 	 95.255
0.6020046 	 28.3184340 	 608466.9318 	 1.076 	 95.285
0.6031264 	 28.7600301 	 683380.0466 	 1.077 	 95.288
0.6042323 	 29.2351905 	 744585.7262 	 1.077 	 95.329
0.6053224 	 29.7401984 	 798856.9352 	 1.078 	 95.327
0.6063942 	 30.2664388 	 839079.9154 	 1.079 	 95.323
0.6074482 	 30.8072586 	 873009.5145 	 1.080 	 95.299
0.6084852 	 31.3838133 	 898801.9184 	 1.081 	 95.308
0.6095033 	 31.9691189 	 920874.4506 	 1.081 	 95.320
0.6105045 	 32.5653899 	 937385.4929 	 1.083 	 95.275
0.6114877 	 33.1982252 	 950080.5625 	 1.084 	 95.306
0.6124534 	 33.8328731 	 959152.8472 	 1.085 	 95.316
0.6134020 	 34.4763724 	 967269.7479 	 1.086 	 95.267
0.6143334 	 35.1494768 	 974203.5339 	 1.087 	 95.286
0.6152475 	 35.8245399 	 978543.4896 	 1.089 	 95.249
0.6161456 	 36.5161035 	 981868.4012 	 1.090 	 95.256
0.6170271 	 37.2264247 	 985159.5497 	 1.091 	 95.242
0.6178931 	 37.9561700 	 987454.4440 	 1.093 	 95.223
0.6187427 	 38.6905033 	 989875.2716 	 1.093 	 95.212
0.6195772 	 39.4357972 	 992093.5030 	 1.095 	 95.194
0.6203964 	 40.1872550 	 993140.4377 	 1.096 	 95.177
0.6212006 	 40.9588921 	 993660.1207 	 1.097 	 95.139
0.6219909 	 41.7581072 	 994671.8595 	 1.098 	 95.170
0.6227675 	 42.5565990 	 995650.6924 	 1.100 	 95.144
0.6235299 	 43.3542222 	 996514.4680 	 1.100 	 95.068
0.6242777 	 44.2028350 	 996666.1425 	 1.102 	 95.132
0.6250124 	 45.0304089 	 997356.6055 	 1.104 	 95.067
0.6257343 	 45.8811162 	 997781.8382 	 1.105 	 95.048
0.6264428 	 46.7528303 	 998041.4901 	 1.107 	 95.009
0.6271391 	 47.6307374 	 998187.2848 	 1.108 	 94.982
0.6278221 	 48.5154243 	 998061.5086 	 1.110 	 94.959
0.6284937 	 49.4098671 	 998153.3904 	 1.112 	 94.921
0.6291534 	 50.3532326 	 998590.8204 	 1.114 	 94.908
0.6298016 	 51.2945683 	 998662.7315 	 1.117 	 94.880
