N=100 	 R=1000000 	 s=1 	 Save [density, Z, rho_t, like/unlike, events per sweep]
0.0001351 	 1.0005136 	 1.1026 	 1.011 	 10.125
0.0132470 	 1.1626203 	 12.2635 	 0.950 	 46.766
0.0260715 	 1.1528403 	 22.9183 	 1.004 	 78.915
0.0384847 	 1.1917303 	 33.4932 	 1.012 	 88.236
0.0504993 	 1.2395033 	 43.6676 	 1.016 	 92.020
0.0621480 	 1.2921672 	 53.8360 	 1.018 	 93.844
0.0734409 	 1.3481300 	 64.2090 	 1.019 	 94.755
0.0844096 	 1.4075254 	 74.1110 	 1.020 	 95.245
0.0950546 	 1.4694665 	 84.9262 	 1.021 	 95.496
0.1053903 	 1.5335832 	 95.2711 	 1.022 	 95.667
0.1154352 	 1.6001014 	 105.6907 	 1.024 	 95.749
0.1251994 	 1.6683849 	 116.2720 	 1.025 	 95.802
0.1347050 	 1.7384520 	 127.3422 	 1.026 	 95.809
0.1439443 	 1.8100309 	 137.6669 	 1.027 	 95.857
0.1529400 	 1.8840485 	 148.0269 	 1.028 	 95.843
0.1616993 	 1.9599812 	 156.9083 	 1.030 	 95.842
0.1702313 	 2.0367278 	 167.7360 	 1.031 	 95.794
0.1785422 	 2.1155581 	 178.8013 	 1.032 	 95.756
0.1866453 	 2.1962889 	 188.1843 	 1.033 	 95.776
0.1945479 	 2.2782549 	 200.0969 	 1.035 	 95.741
0.2022571 	 2.3620500 	 211.9272 	 1.036 	 95.719
0.2097839 	 2.4472996 	 223.1718 	 1.037 	 95.710
0.2171348 	 2.5344474 	 232.7952 	 1.038 	 95.710
0.2243074 	 2.6223977 	 240.4219 	 1.040 	 95.668
0.2313128 	 2.7126512 	 253.2098 	 1.041 	 95.664
0.2381602 	 2.8035019 	 262.4030 	 1.042 	 95.615
0.2448535 	 2.8971768 	 271.5688 	 1.043 	 95.636
0.2513928 	 2.9921200 	 281.3133 	 1.045 	 95.634
0.2577935 	 3.0873118 	 291.8941 	 1.045 	 95.586
0.2640545 	 3.1859867 	 299.9060 	 1.047 	 95.597
0.2701857 	 3.2851294 	 311.8094 	 1.048 	 95.563
0.2761898 	 3.3856310 	 321.7864 	 1.049 	 95.552
0.2820653 	 3.4887525 	 332.2764 	 1.049 	 95.559
0.2878157 	 3.5920862 	 341.7311 	 1.051 	 95.535
0.2934567 	 3.6975080 	 352.0289 	 1.052 	 95.497
0.2989779 	 3.8047612 	 363.5162 	 1.053 	 95.529
0.3043878 	 3.9136347 	 372.1741 	 1.054 	 95.543
0.3096945 	 4.0230970 	 381.6821 	 1.055 	 95.516
0.3148951 	 4.1349849 	 391.0412 	 1.056 	 95.513
0.3199987 	 4.2477758 	 402.0453 	 1.057 	 95.485
0.3250061 	 4.3609419 	 412.4585 	 1.058 	 95.427
0.3299188 	 4.4766347 	 421.2857 	 1.059 	 95.447
0.3347415 	 4.5939552 	 430.1992 	 1.060 	 95.424
0.3394735 	 4.7144194 	 441.9154 	 1.061 	 95.445
0.3441204 	 4.8340995 	 454.6706 	 1.062 	 95.416
0.3486852 	 4.9558726 	 464.6939 	 1.062 	 95.394
0.3531650 	 5.0779495 	 473.9913 	 1.062 	 95.345
0.3575627 	 5.2037029 	 486.1989 	 1.064 	 95.388
0.3618888 	 5.3297479 	 499.7029 	 1.065 	 95.357
0.3661415 	 5.4571285 	 513.2839 	 1.066 	 95.370
0.3703184 	 5.5869215 	 526.1425 	 1.067 	 95.356
0.3744253 	 5.7168758 	 534.9196 	 1.067 	 95.344
0.3784598 	 5.8476883 	 543.8584 	 1.068 	 95.318
0.3824280 	 5.9815500 	 553.5899 	 1.069 	 95.314
0.3863326 	 6.1154608 	 566.8096 	 1.070 	 95.301
0.3901757 	 6.2517526 	 574.7113 	 1.070 	 95.291
0.3939559 	 6.3907163 	 586.6523 	 1.071 	 95.287
0.3976744 	 6.5282765 	 590.0597 	 1.071 	 95.292
0.4013349 	 6.6694566 	 602.6095 	 1.073 	 95.286
0.4049396 	 6.8111003 	 613.6947 	 1.073 	 95.271
0.4084842 	 6.9545417 	 619.9230 	 1.074 	 95.266
0.4119773 	 7.0984275 	 630.0795 	 1.075 	 95.245
0.4154173 	 7.2429384 	 638.9344 	 1.075 	 95.228
0.4188019 	 7.3921492 	 645.4844 	 1.075 	 95.239
0.4221382 	 7.5398345 	 656.8139 	 1.075 	 95.210
0.4254263 	 7.6877880 	 665.6570 	 1.077 	 95.203
0.4286651 	 7.8417686 	 676.5188 	 1.077 	 95.204
0.4318563 	 7.9933616 	 691.5622 	 1.078 	 95.185
0.4350014 	 8.1475446 	 700.6635 	 1.078 	 95.193
0.4381006 	 8.3045778 	 704.8271 	 1.078 	 95.200
0.4411545 	 8.4608792 	 715.7051 	 1.079 	 95.189
0.4441650 	 8.6195813 	 726.5461 	 1.079 	 95.185
0.4471327 	 8.7811664 	 735.8154 	 1.080 	 95.177
0.4500597 	 8.9408712 	 741.3795 	 1.081 	 95.164
0.4529445 	 9.1027322 	 750.4012 	 1.081 	 95.157
0.4557933 	 9.2645317 	 756.9206 	 1.081 	 95.124
0.4586023 	 9.4314884 	 767.6526 	 1.082 	 95.147
0.4613722 	 9.5988286 	 769.9162 	 1.082 	 95.143
0.4641085 	 9.7636212 	 776.9288 	 1.082 	 95.119
0.4668075 	 9.9363082 	 791.1126 	 1.083 	 95.130
0.4694676 	 10.1057887 	 804.7294 	 1.083 	 95.133
0.4720939 	 10.2765808 	 819.6488 	 1.083 	 95.129
0.4746881 	 10.4498741 	 827.6482 	 1.084 	 95.112
0.4772481 	 10.6260799 	 830.5967 	 1.084 	 95.135
0.4797752 	 10.7999578 	 841.1248 	 1.084 	 95.130
0.4822706 	 10.9778317 	 854.9944 	 1.084 	 95.121
0.4847350 	 11.1541219 	 858.0358 	 1.085 	 95.079
0.4871672 	 11.3339357 	 875.1548 	 1.084 	 95.069
0.4895685 	 11.5144890 	 880.8694 	 1.085 	 95.058
0.4919418 	 11.6982204 	 897.1978 	 1.085 	 95.053
0.4942850 	 11.8805440 	 906.2209 	 1.086 	 95.066
0.4966009 	 12.0699454 	 912.0438 	 1.085 	 95.064
0.4988875 	 12.2539526 	 924.6099 	 1.086 	 95.042
0.5011486 	 12.4404689 	 929.7229 	 1.086 	 95.009
0.5033818 	 12.6364767 	 939.5434 	 1.087 	 95.054
0.5055861 	 12.8227051 	 949.0858 	 1.088 	 95.028
0.5077678 	 13.0129043 	 946.0061 	 1.088 	 95.042
0.5099229 	 13.2064565 	 967.8412 	 1.088 	 95.038
0.5120535 	 13.4043790 	 977.5283 	 1.088 	 95.044
0.5141573 	 13.5974606 	 993.3816 	 1.087 	 95.027
0.5162372 	 13.7962663 	 1005.8328 	 1.088 	 95.009
0.5182958 	 13.9951840 	 1025.3715 	 1.089 	 95.005
0.5203296 	 14.1999791 	 1035.6268 	 1.088 	 95.024
0.5223413 	 14.3979589 	 1046.3168 	 1.089 	 94.997
0.5243294 	 14.6020725 	 1060.5554 	 1.089 	 94.984
0.5262942 	 14.8091577 	 1071.6306 	 1.088 	 95.003
0.5282378 	 15.0153690 	 1079.9057 	 1.088 	 94.989
0.5301604 	 15.2214156 	 1092.7473 	 1.088 	 94.985
0.5320616 	 15.4348094 	 1100.7828 	 1.088 	 94.966
0.5339421 	 15.6427995 	 1111.3168 	 1.089 	 94.966
0.5358024 	 15.8563988 	 1118.4577 	 1.088 	 94.965
0.5376419 	 16.0682836 	 1136.8051 	 1.088 	 94.950
0.5394625 	 16.2851822 	 1158.6551 	 1.088 	 94.957
0.5412631 	 16.5064652 	 1168.2319 	 1.088 	 94.947
0.5430450 	 16.7231735 	 1180.1427 	 1.088 	 94.934
0.5448065 	 16.9498817 	 1193.7923 	 1.087 	 94.932
0.5465504 	 17.1657566 	 1218.7911 	 1.087 	 94.899
0.5482759 	 17.3965674 	 1252.1820 	 1.086 	 94.930
0.5499842 	 17.6184401 	 1285.7587 	 1.086 	 94.900
0.5516734 	 17.8421483 	 1309.5260 	 1.086 	 94.890
0.5533442 	 18.0690910 	 1343.6982 	 1.085 	 94.914
0.5549988 	 18.3037546 	 1397.5762 	 1.085 	 94.889
0.5566357 	 18.5289353 	 1471.7075 	 1.085 	 94.907
0.5582557 	 18.7625356 	 1557.9823 	 1.085 	 94.866
0.5598593 	 18.9977382 	 1679.3235 	 1.084 	 94.891
0.5614470 	 19.2305623 	 1846.2717 	 1.084 	 94.896
0.5630185 	 19.4626331 	 2080.1856 	 1.085 	 94.873
0.5645753 	 19.7091643 	 2392.6879 	 1.085 	 94.879
0.5661152 	 19.9577689 	 2741.1652 	 1.085 	 94.879
0.5676384 	 20.2087151 	 3250.3985 	 1.085 	 94.860
0.5691458 	 20.4604321 	 3914.4122 	 1.085 	 94.876
0.5706393 	 20.7221198 	 4704.9703 	 1.086 	 94.814
0.5721160 	 20.9928966 	 5939.8263 	 1.088 	 94.868
0.5735760 	 21.2629436 	 7190.5114 	 1.087 	 94.873
0.5750199 	 21.5455147 	 8849.8626 	 1.088 	 94.856
0.5764476 	 21.8289199 	 11005.5611 	 1.089 	 94.829
0.5778599 	 22.1275476 	 13234.9586 	 1.090 	 94.815
0.5792543 	 22.4377719 	 15354.7239 	 1.091 	 94.794
0.5806314 	 22.7438712 	 17836.7332 	 1.091 	 94.798
0.5819922 	 23.0732228 	 21012.8198 	 1.093 	 94.818
0.5833362 	 23.3915926 	 23927.5684 	 1.093 	 94.772
0.5846637 	 23.7426811 	 27201.0816 	 1.096 	 94.829
0.5859746 	 24.0759295 	 30453.0033 	 1.097 	 94.788
0.5872686 	 24.4371386 	 34159.1133 	 1.099 	 94.801
0.5885456 	 24.7990409 	 37829.2993 	 1.100 	 94.744
0.5898054 	 25.1782759 	 42043.8986 	 1.102 	 94.763
0.5910481 	 25.5651453 	 46691.4327 	 1.105 	 94.759
0.5922742 	 25.9583721 	 52121.2006 	 1.107 	 94.741
0.5934831 	 26.3695639 	 57216.7596 	 1.111 	 94.765
0.5946743 	 26.7785696 	 63350.6118 	 1.114 	 94.772
0.5958492 	 27.2094894 	 70351.0090 	 1.118 	 94.760
0.5970066 	 27.6549192 	 77744.0374 	 1.122 	 94.768
0.5981468 	 28.1000457 	 85442.4817 	 1.124 	 94.763
0.5992707 	 28.5771105 	 93768.9875 	 1.127 	 94.794
0.6003771 	 29.0373141 	 103801.8900 	 1.130 	 94.782
0.6014676 	 29.5269848 	 113446.2771 	 1.132 	 94.811
0.6025401 	 30.0251915 	 123808.0440 	 1.134 	 94.793
0.6035979 	 30.5425040 	 133464.8714 	 1.134 	 94.861
0.6046382 	 31.0697188 	 143666.3251 	 1.136 	 94.861
0.6056618 	 31.5962134 	 156096.6152 	 1.136 	 94.855
0.6066684 	 32.1397079 	 169603.0010 	 1.137 	 94.864
0.6076598 	 32.6910262 	 181136.3852 	 1.137 	 94.886
0.6086352 	 33.2704575 	 193056.6797 	 1.135 	 94.913
0.6095950 	 33.8474872 	 202811.3223 	 1.134 	 94.937
0.6105387 	 34.4399295 	 210610.4215 	 1.132 	 94.964
0.6114686 	 35.0461758 	 218540.5909 	 1.130 	 94.963
0.6123816 	 35.6532127 	 224453.4483 	 1.126 	 94.997
0.6132809 	 36.2677171 	 230267.1775 	 1.122 	 94.987
0.6141651 	 36.9005331 	 233690.9146 	 1.118 	 95.013
0.6150350 	 37.5243376 	 235174.3689 	 1.111 	 95.024
0.6158923 	 38.1552877 	 234065.0417 	 1.106 	 95.009
0.6167359 	 38.7910614 	 233249.6785 	 1.098 	 95.044
0.6175664 	 39.4211114 	 233426.6518 	 1.091 	 95.057
0.6183850 	 40.0332072 	 233926.2601 	 1.083 	 95.054
0.6191916 	 40.6860210 	 236707.2960 	 1.075 	 95.052
0.6199859 	 41.3096072 	 240772.5494 	 1.068 	 95.061
0.6207685 	 41.9631308 	 247504.4111 	 1.062 	 95.025
0.6215402 	 42.6207971 	 259613.7122 	 1.055 	 95.054
0.6223007 	 43.2978496 	 275815.0021 	 1.050 	 94.988
0.6230496 	 43.9815556 	 296358.3489 	 1.045 	 94.989
0.6237874 	 44.6892924 	 320864.7638 	 1.042 	 94.950
0.6245139 	 45.4217148 	 347463.8409 	 1.040 	 94.924
0.6252287 	 46.1872302 	 372120.6142 	 1.038 	 94.899
0.6259326 	 46.9913181 	 397917.7217 	 1.037 	 94.875
0.6266248 	 47.8293415 	 423842.5965 	 1.037 	 94.859
0.6273051 	 48.6881457 	 444672.7707 	 1.037 	 94.812
0.6279746 	 49.5818099 	 462198.1206 	 1.037 	 94.761
0.6286324 	 50.4721107 	 478568.1600 	 1.037 	 94.703
0.6292788 	 51.4017628 	 489421.8265 	 1.038 	 94.703
0.6299135 	 52.3635741 	 493090.6174 	 1.037 	 94.672
