N=100 	 R=1000000 	 s=1 	 Save [density, Z, rho_t, like/unlike, events per sweep]
0.0001346 	 1.0005145 	 1.1027 	 1.004 	 10.125
0.0132671 	 1.1625720 	 12.2380 	 0.950 	 46.853
0.0260938 	 1.1528386 	 22.9729 	 1.004 	 78.944
0.0385184 	 1.1919784 	 33.5428 	 1.014 	 88.272
0.0505422 	 1.2396137 	 44.3683 	 1.016 	 92.017
0.0621872 	 1.2922958 	 55.0759 	 1.018 	 93.793
0.0734949 	 1.3484285 	 65.6755 	 1.019 	 94.794
0.0844546 	 1.4077772 	 75.9614 	 1.020 	 95.230
0.0950902 	 1.4697081 	 86.4439 	 1.021 	 95.518
0.1054232 	 1.5338733 	 97.0912 	 1.022 	 95.651
0.1154657 	 1.6002806 	 106.9623 	 1.023 	 95.762
0.1252356 	 1.6683414 	 117.5163 	 1.025 	 95.762
0.1347306 	 1.7387032 	 126.6159 	 1.026 	 95.827
0.1439714 	 1.8101118 	 136.9582 	 1.027 	 95.861
0.1529614 	 1.8841061 	 147.4806 	 1.028 	 95.852
0.1617181 	 1.9600500 	 156.8623 	 1.030 	 95.825
0.1702463 	 2.0373493 	 167.3269 	 1.031 	 95.836
0.1785592 	 2.1163007 	 179.0724 	 1.032 	 95.816
0.1866620 	 2.1962443 	 188.9365 	 1.034 	 95.766
0.1945640 	 2.2785980 	 200.7605 	 1.035 	 95.759
0.2022714 	 2.3621303 	 211.4920 	 1.036 	 95.750
0.2098004 	 2.4472625 	 220.7839 	 1.037 	 95.718
0.2171507 	 2.5345186 	 229.6924 	 1.038 	 95.702
0.2243270 	 2.6226363 	 240.7673 	 1.040 	 95.656
0.2313378 	 2.7127838 	 252.8266 	 1.041 	 95.674
0.2381851 	 2.8041790 	 263.0659 	 1.042 	 95.648
0.2448797 	 2.8973688 	 272.4408 	 1.043 	 95.621
0.2514240 	 2.9923260 	 282.1709 	 1.044 	 95.633
0.2578291 	 3.0884812 	 293.0298 	 1.046 	 95.617
0.2640857 	 3.1858519 	 302.2595 	 1.047 	 95.596
0.2702160 	 3.2856529 	 315.0887 	 1.048 	 95.596
0.2762177 	 3.3862352 	 325.3756 	 1.049 	 95.555
0.2820880 	 3.4891706 	 336.2425 	 1.049 	 95.550
0.2878383 	 3.5921573 	 346.9365 	 1.050 	 95.520
0.2934741 	 3.6980587 	 360.2469 	 1.052 	 95.541
0.2989976 	 3.8045211 	 370.1876 	 1.053 	 95.510
0.3044108 	 3.9137517 	 382.3787 	 1.054 	 95.504
0.3097168 	 4.0238211 	 393.5822 	 1.055 	 95.510
0.3149242 	 4.1349084 	 404.9128 	 1.056 	 95.481
0.3200270 	 4.2479174 	 416.1887 	 1.056 	 95.475
0.3250349 	 4.3621181 	 427.8681 	 1.058 	 95.453
0.3299514 	 4.4783626 	 436.4362 	 1.059 	 95.455
0.3347723 	 4.5953155 	 442.8427 	 1.059 	 95.434
0.3395065 	 4.7147269 	 455.6513 	 1.061 	 95.426
0.3441519 	 4.8344679 	 466.9808 	 1.062 	 95.408
0.3487150 	 4.9568891 	 476.5761 	 1.063 	 95.422
0.3531973 	 5.0791829 	 484.2748 	 1.063 	 95.379
0.3575957 	 5.2044609 	 493.4014 	 1.064 	 95.393
0.3619215 	 5.3305195 	 501.0492 	 1.065 	 95.364
0.3661735 	 5.4574219 	 512.4980 	 1.066 	 95.350
0.3703511 	 5.5864608 	 522.6447 	 1.066 	 95.336
0.3744565 	 5.7174515 	 533.4894 	 1.067 	 95.344
0.3784937 	 5.8491729 	 546.3008 	 1.068 	 95.342
0.3824632 	 5.9819037 	 559.4983 	 1.069 	 95.318
0.3863693 	 6.1157132 	 568.4858 	 1.070 	 95.278
0.3902101 	 6.2531351 	 578.9835 	 1.071 	 95.308
0.3939890 	 6.3908582 	 592.4778 	 1.071 	 95.298
0.3977073 	 6.5303896 	 606.1095 	 1.071 	 95.293
0.4013654 	 6.6702943 	 621.8803 	 1.072 	 95.300
0.4049670 	 6.8124422 	 633.8462 	 1.073 	 95.268
0.4085113 	 6.9554308 	 642.2418 	 1.073 	 95.276
0.4120031 	 7.0997899 	 650.5269 	 1.074 	 95.237
0.4154403 	 7.2459412 	 662.7156 	 1.076 	 95.273
0.4188266 	 7.3932809 	 669.9704 	 1.076 	 95.244
0.4221632 	 7.5406864 	 682.0568 	 1.076 	 95.233
0.4254474 	 7.6902144 	 691.0861 	 1.076 	 95.220
0.4286816 	 7.8413931 	 695.9402 	 1.077 	 95.211
0.4318704 	 7.9961449 	 701.5437 	 1.078 	 95.205
0.4350151 	 8.1509465 	 713.3485 	 1.078 	 95.205
0.4381113 	 8.3049597 	 719.1224 	 1.078 	 95.175
0.4411686 	 8.4634886 	 727.5859 	 1.079 	 95.198
0.4441824 	 8.6209501 	 735.9253 	 1.079 	 95.168
0.4471510 	 8.7811901 	 740.5931 	 1.080 	 95.195
0.4500769 	 8.9392914 	 748.5627 	 1.081 	 95.159
0.4529646 	 9.1060840 	 761.2241 	 1.081 	 95.148
0.4558110 	 9.2686722 	 772.0744 	 1.081 	 95.133
0.4586219 	 9.4317266 	 782.6967 	 1.082 	 95.124
0.4613927 	 9.5991328 	 790.0385 	 1.083 	 95.140
0.4641263 	 9.7658036 	 798.3487 	 1.082 	 95.130
0.4668235 	 9.9352464 	 806.8676 	 1.082 	 95.123
0.4694845 	 10.1066024 	 818.1154 	 1.084 	 95.117
0.4721143 	 10.2779508 	 832.1284 	 1.084 	 95.127
0.4747101 	 10.4518599 	 838.7069 	 1.083 	 95.126
0.4772697 	 10.6255377 	 850.6540 	 1.084 	 95.085
0.4797967 	 10.8028869 	 866.6816 	 1.085 	 95.077
0.4822920 	 10.9765510 	 881.9448 	 1.085 	 95.076
0.4847555 	 11.1571925 	 886.9429 	 1.085 	 95.062
0.4871891 	 11.3364183 	 896.7293 	 1.085 	 95.082
0.4895919 	 11.5181291 	 907.0447 	 1.085 	 95.058
0.4919631 	 11.7003708 	 922.6077 	 1.085 	 95.068
0.4943074 	 11.8827484 	 931.3308 	 1.085 	 95.072
0.4966214 	 12.0713684 	 945.2261 	 1.086 	 95.065
0.4989088 	 12.2557856 	 961.9153 	 1.085 	 95.082
0.5011692 	 12.4439467 	 976.7835 	 1.086 	 95.016
0.5034012 	 12.6329025 	 985.7674 	 1.086 	 95.029
0.5056062 	 12.8225317 	 997.1654 	 1.086 	 95.005
0.5077870 	 13.0178498 	 1007.8574 	 1.086 	 95.033
0.5099417 	 13.2102356 	 1015.8989 	 1.086 	 95.029
0.5120714 	 13.4056700 	 1022.0390 	 1.086 	 95.032
0.5141773 	 13.6000833 	 1026.0135 	 1.086 	 94.997
0.5162589 	 13.7997256 	 1036.3498 	 1.087 	 94.998
0.5183175 	 13.9988181 	 1047.9937 	 1.086 	 94.991
0.5203505 	 14.2024700 	 1060.4852 	 1.086 	 95.008
0.5223614 	 14.4060551 	 1074.7170 	 1.086 	 95.012
0.5243495 	 14.6060129 	 1082.7316 	 1.086 	 95.008
0.5263138 	 14.8125551 	 1087.8197 	 1.086 	 95.000
0.5282567 	 15.0186023 	 1102.7387 	 1.087 	 95.003
0.5301789 	 15.2216920 	 1118.7310 	 1.087 	 95.001
0.5320802 	 15.4328961 	 1124.4620 	 1.087 	 94.968
0.5339613 	 15.6419403 	 1133.4769 	 1.087 	 94.961
0.5358207 	 15.8570843 	 1145.3524 	 1.087 	 94.976
0.5376621 	 16.0693952 	 1153.6920 	 1.086 	 94.977
0.5394822 	 16.2856288 	 1171.4113 	 1.086 	 94.977
0.5412838 	 16.5004246 	 1190.5813 	 1.086 	 94.945
0.5430656 	 16.7175347 	 1204.4295 	 1.086 	 94.937
0.5448308 	 16.9405931 	 1230.3595 	 1.086 	 94.927
0.5465736 	 17.1525425 	 1246.4875 	 1.086 	 94.927
0.5483000 	 17.3771954 	 1279.3154 	 1.085 	 94.920
0.5500098 	 17.6011072 	 1313.0828 	 1.086 	 94.885
0.5516998 	 17.8279853 	 1353.9592 	 1.086 	 94.906
0.5533719 	 18.0555679 	 1393.6539 	 1.085 	 94.873
0.5550273 	 18.2858519 	 1446.8609 	 1.086 	 94.918
0.5566665 	 18.5067666 	 1547.2236 	 1.085 	 94.889
0.5582892 	 18.7454130 	 1670.4287 	 1.084 	 94.910
0.5598966 	 18.9723396 	 1867.2769 	 1.083 	 94.889
0.5614865 	 19.2025867 	 2172.2069 	 1.083 	 94.886
0.5630636 	 19.4274595 	 2665.7734 	 1.082 	 94.870
0.5646241 	 19.6619613 	 3473.8582 	 1.081 	 94.899
0.5661681 	 19.8903095 	 4551.8857 	 1.080 	 94.864
0.5676977 	 20.1227139 	 6549.1442 	 1.079 	 94.899
0.5692133 	 20.3540398 	 9578.5925 	 1.077 	 94.917
0.5707151 	 20.5745109 	 14082.6482 	 1.076 	 94.862
0.5722033 	 20.8138679 	 20893.9500 	 1.074 	 94.897
0.5736776 	 21.0428400 	 31052.1795 	 1.073 	 94.905
0.5751391 	 21.2890895 	 45408.1176 	 1.070 	 94.934
0.5765878 	 21.5264270 	 66728.6923 	 1.069 	 94.908
0.5780218 	 21.7704037 	 92484.4812 	 1.067 	 94.895
0.5794416 	 22.0300547 	 125907.7288 	 1.065 	 94.937
0.5808473 	 22.3019042 	 161676.1130 	 1.064 	 94.942
0.5822387 	 22.5784113 	 204520.2600 	 1.062 	 94.950
0.5836140 	 22.8843011 	 249219.7179 	 1.061 	 94.965
0.5849744 	 23.1923532 	 295326.7528 	 1.060 	 94.950
0.5863179 	 23.5354571 	 338608.6107 	 1.059 	 94.994
0.5876440 	 23.8785089 	 379535.1273 	 1.058 	 94.976
0.5889518 	 24.2504219 	 419703.3736 	 1.057 	 95.017
0.5902423 	 24.6287506 	 449871.3497 	 1.057 	 95.000
0.5915144 	 25.0316383 	 477733.2322 	 1.057 	 95.001
0.5927667 	 25.4487800 	 501463.0625 	 1.056 	 94.996
0.5940011 	 25.8895918 	 525794.1796 	 1.056 	 95.015
0.5952157 	 26.3350524 	 545110.8890 	 1.055 	 95.005
0.5964107 	 26.7900386 	 559118.5645 	 1.055 	 95.015
0.5975879 	 27.2598067 	 575183.0730 	 1.055 	 94.977
0.5987447 	 27.7643650 	 587449.9517 	 1.055 	 95.051
0.5998832 	 28.2519655 	 596660.6543 	 1.054 	 94.994
0.6010027 	 28.7637013 	 607293.1662 	 1.054 	 95.004
0.6021029 	 29.2769094 	 619104.2824 	 1.053 	 95.007
0.6031858 	 29.8166132 	 627692.1934 	 1.053 	 94.990
0.6042508 	 30.3490840 	 634576.1140 	 1.052 	 94.978
0.6052979 	 30.8946831 	 645646.1702 	 1.050 	 94.959
0.6063274 	 31.4542444 	 659828.1818 	 1.049 	 94.974
0.6073403 	 32.0195761 	 671251.8599 	 1.047 	 95.029
0.6083366 	 32.5982328 	 683127.1900 	 1.046 	 94.998
0.6093170 	 33.1799380 	 699106.4448 	 1.043 	 94.984
0.6102805 	 33.7620127 	 712714.9197 	 1.041 	 94.982
0.6112282 	 34.3502630 	 729033.7721 	 1.038 	 95.008
0.6121601 	 34.9401862 	 746221.1904 	 1.035 	 94.992
0.6130772 	 35.5623901 	 763567.1215 	 1.033 	 94.969
0.6139794 	 36.1873696 	 785121.5421 	 1.030 	 95.002
0.6148671 	 36.8053486 	 804706.7649 	 1.027 	 95.007
0.6157418 	 37.4431476 	 826134.3630 	 1.023 	 95.023
0.6166019 	 38.0862357 	 844825.9627 	 1.020 	 94.995
0.6174475 	 38.7586827 	 858158.5857 	 1.017 	 95.001
0.6182786 	 39.4429201 	 872544.1151 	 1.015 	 94.985
0.6190965 	 40.1469712 	 882943.4995 	 1.013 	 95.001
0.6199004 	 40.8674918 	 892772.2037 	 1.011 	 94.995
0.6206910 	 41.5937702 	 898630.6509 	 1.010 	 94.974
0.6214692 	 42.3658658 	 904428.9674 	 1.008 	 95.004
0.6222335 	 43.1244893 	 906746.1136 	 1.008 	 94.965
0.6229838 	 43.9426892 	 907475.8486 	 1.007 	 94.985
0.6237217 	 44.7534442 	 905540.2207 	 1.007 	 94.934
0.6244464 	 45.5771415 	 900318.1914 	 1.007 	 94.955
0.6251581 	 46.4467206 	 897194.9253 	 1.007 	 94.940
0.6258575 	 47.3375967 	 892467.9956 	 1.007 	 94.946
0.6265442 	 48.2199020 	 885686.4685 	 1.008 	 94.906
0.6272187 	 49.1423171 	 879973.2648 	 1.008 	 94.906
0.6278810 	 50.0771493 	 872291.6168 	 1.009 	 94.871
0.6285310 	 51.0366583 	 862574.8538 	 1.009 	 94.916
0.6291689 	 52.0043220 	 853798.8914 	 1.011 	 94.854
0.6297955 	 53.0154768 	 841417.0100 	 1.012 	 94.866
