N=100 	 R=1000000 	 s=1 	 Save [density, Z, rho_t, like/unlike, events per sweep]
0.0001352 	 1.0005130 	 1.1026 	 1.010 	 10.125
0.0132512 	 1.1625820 	 12.1770 	 0.950 	 46.786
0.0260859 	 1.1528387 	 22.8099 	 1.004 	 78.952
0.0385091 	 1.1919142 	 33.1925 	 1.013 	 88.259
0.0505314 	 1.2396141 	 43.6993 	 1.016 	 92.042
0.0621798 	 1.2922141 	 53.8909 	 1.017 	 93.792
0.0734783 	 1.3482762 	 64.4578 	 1.018 	 94.775
0.0844312 	 1.4076984 	 74.8195 	 1.020 	 95.242
0.0950744 	 1.4695470 	 85.2005 	 1.021 	 95.497
0.1054085 	 1.5338161 	 95.7555 	 1.022 	 95.686
0.1154473 	 1.6002215 	 105.2917 	 1.024 	 95.741
0.1252174 	 1.6684343 	 117.2210 	 1.025 	 95.793
0.1347180 	 1.7385921 	 127.9547 	 1.026 	 95.788
0.1439541 	 1.8101516 	 138.4999 	 1.027 	 95.876
0.1529388 	 1.8840576 	 149.7503 	 1.028 	 95.850
0.1616987 	 1.9595885 	 161.2630 	 1.030 	 95.805
0.1702334 	 2.0367850 	 170.6070 	 1.031 	 95.789
0.1785430 	 2.1162019 	 180.6000 	 1.032 	 95.801
0.1866457 	 2.1961941 	 190.8972 	 1.034 	 95.768
0.1945525 	 2.2784551 	 201.1465 	 1.035 	 95.754
0.2022618 	 2.3617922 	 210.1368 	 1.036 	 95.722
0.2097864 	 2.4474643 	 222.3863 	 1.037 	 95.729
0.2171345 	 2.5342828 	 233.9580 	 1.038 	 95.701
0.2243018 	 2.6225120 	 247.0644 	 1.040 	 95.669
0.2313141 	 2.7128476 	 259.7034 	 1.041 	 95.686
0.2381628 	 2.8041687 	 270.3957 	 1.042 	 95.646
0.2448532 	 2.8971403 	 280.7080 	 1.043 	 95.650
0.2513993 	 2.9920388 	 290.7506 	 1.044 	 95.641
0.2578030 	 3.0885547 	 300.1701 	 1.045 	 95.626
0.2640670 	 3.1862151 	 310.8544 	 1.047 	 95.596
0.2701952 	 3.2853225 	 319.6548 	 1.047 	 95.586
0.2761964 	 3.3865186 	 329.5168 	 1.048 	 95.578
0.2820743 	 3.4888320 	 342.1808 	 1.049 	 95.561
0.2878244 	 3.5930864 	 352.4956 	 1.051 	 95.577
0.2934602 	 3.6985010 	 361.3224 	 1.051 	 95.551
0.2989835 	 3.8043799 	 370.5473 	 1.052 	 95.535
0.3043971 	 3.9128623 	 382.3228 	 1.054 	 95.513
0.3096970 	 4.0224756 	 395.6224 	 1.055 	 95.490
0.3149009 	 4.1347311 	 408.3512 	 1.056 	 95.494
0.3200079 	 4.2475670 	 415.9942 	 1.057 	 95.469
0.3250106 	 4.3617186 	 424.6204 	 1.058 	 95.448
0.3299177 	 4.4772244 	 433.8381 	 1.059 	 95.427
0.3347411 	 4.5938292 	 442.2524 	 1.060 	 95.417
0.3394768 	 4.7130982 	 448.1632 	 1.061 	 95.415
0.3441222 	 4.8341237 	 457.2216 	 1.061 	 95.406
0.3486829 	 4.9553822 	 467.6296 	 1.062 	 95.406
0.3531652 	 5.0791681 	 477.9448 	 1.063 	 95.386
0.3575665 	 5.2026435 	 492.5807 	 1.064 	 95.380
0.3618923 	 5.3295864 	 502.6356 	 1.065 	 95.374
0.3661429 	 5.4567024 	 512.0104 	 1.066 	 95.341
0.3703240 	 5.5859026 	 524.0306 	 1.066 	 95.351
0.3744293 	 5.7162614 	 534.5909 	 1.068 	 95.328
0.3784635 	 5.8491772 	 544.4897 	 1.068 	 95.325
0.3824330 	 5.9803446 	 556.5982 	 1.069 	 95.306
0.3863377 	 6.1173879 	 567.5120 	 1.069 	 95.313
0.3901806 	 6.2524501 	 579.8907 	 1.070 	 95.299
0.3939605 	 6.3905338 	 591.2493 	 1.071 	 95.333
0.3976806 	 6.5278875 	 601.3891 	 1.072 	 95.277
0.4013365 	 6.6687566 	 611.5689 	 1.073 	 95.294
0.4049420 	 6.8096566 	 623.5596 	 1.073 	 95.262
0.4084882 	 6.9545586 	 630.9551 	 1.074 	 95.250
0.4119825 	 7.0983104 	 642.9739 	 1.074 	 95.236
0.4154223 	 7.2447091 	 655.8447 	 1.075 	 95.257
0.4188065 	 7.3900780 	 668.3841 	 1.075 	 95.238
0.4221424 	 7.5409118 	 681.9489 	 1.076 	 95.226
0.4254245 	 7.6897384 	 688.6838 	 1.076 	 95.227
0.4286631 	 7.8418722 	 704.5797 	 1.077 	 95.228
0.4318550 	 7.9958189 	 710.1045 	 1.078 	 95.232
0.4350011 	 8.1492046 	 720.2981 	 1.078 	 95.199
0.4381005 	 8.3039464 	 732.3446 	 1.078 	 95.170
0.4411547 	 8.4607843 	 741.1981 	 1.079 	 95.181
0.4441663 	 8.6185158 	 744.9670 	 1.079 	 95.154
0.4471373 	 8.7805758 	 751.1787 	 1.079 	 95.177
0.4500633 	 8.9402080 	 768.5903 	 1.080 	 95.148
0.4529493 	 9.1020657 	 785.5906 	 1.081 	 95.149
0.4557973 	 9.2669254 	 792.0605 	 1.082 	 95.161
0.4586057 	 9.4339311 	 803.4394 	 1.082 	 95.152
0.4613760 	 9.5994758 	 808.6483 	 1.083 	 95.145
0.4641119 	 9.7636742 	 827.0413 	 1.083 	 95.092
0.4668098 	 9.9363177 	 839.6162 	 1.083 	 95.142
0.4694735 	 10.1067397 	 849.6078 	 1.084 	 95.126
0.4721014 	 10.2788270 	 855.4227 	 1.084 	 95.106
0.4746955 	 10.4501041 	 866.3530 	 1.084 	 95.103
0.4772553 	 10.6232927 	 875.4351 	 1.085 	 95.089
0.4797842 	 10.7973215 	 884.3287 	 1.085 	 95.072
0.4822793 	 10.9766089 	 890.7853 	 1.085 	 95.098
0.4847427 	 11.1546669 	 904.1127 	 1.085 	 95.069
0.4871729 	 11.3335138 	 909.8769 	 1.086 	 95.055
0.4895764 	 11.5182936 	 922.5807 	 1.086 	 95.059
0.4919480 	 11.7020877 	 936.2763 	 1.087 	 95.083
0.4942920 	 11.8835991 	 951.3570 	 1.086 	 95.071
0.4966069 	 12.0674947 	 962.5988 	 1.087 	 95.065
0.4988933 	 12.2584418 	 975.4550 	 1.086 	 95.071
0.5011534 	 12.4385514 	 987.4977 	 1.086 	 95.024
0.5033849 	 12.6338126 	 998.8949 	 1.086 	 95.033
0.5055916 	 12.8258405 	 1013.5000 	 1.087 	 95.037
0.5077714 	 13.0139256 	 1025.5584 	 1.086 	 95.023
0.5099262 	 13.2080578 	 1027.7060 	 1.087 	 95.037
0.5120560 	 13.4066345 	 1033.6352 	 1.086 	 95.019
0.5141609 	 13.6031863 	 1045.1870 	 1.087 	 95.027
0.5162432 	 13.7983290 	 1057.0184 	 1.088 	 95.007
0.5183010 	 13.9994533 	 1072.7206 	 1.088 	 95.025
0.5203358 	 14.2025277 	 1093.1317 	 1.088 	 95.005
0.5223470 	 14.4033938 	 1099.8565 	 1.088 	 95.000
0.5243337 	 14.6082610 	 1119.8478 	 1.088 	 95.001
0.5262992 	 14.8147177 	 1130.4100 	 1.088 	 94.992
0.5282434 	 15.0221108 	 1142.9062 	 1.089 	 95.006
0.5301649 	 15.2247044 	 1151.2047 	 1.088 	 94.983
0.5320673 	 15.4325010 	 1166.3770 	 1.089 	 94.971
0.5339478 	 15.6443167 	 1189.3138 	 1.088 	 94.982
0.5358078 	 15.8514154 	 1192.4601 	 1.088 	 94.959
0.5376482 	 16.0666221 	 1211.2203 	 1.088 	 94.936
0.5394670 	 16.2823425 	 1227.3589 	 1.088 	 94.957
0.5412673 	 16.4981397 	 1248.5728 	 1.088 	 94.934
0.5430492 	 16.7203339 	 1255.6990 	 1.089 	 94.935
0.5448115 	 16.9411750 	 1273.5281 	 1.088 	 94.928
0.5465565 	 17.1550265 	 1295.5886 	 1.088 	 94.919
0.5482821 	 17.3803441 	 1325.3755 	 1.087 	 94.922
0.5499913 	 17.6025461 	 1353.3788 	 1.087 	 94.901
0.5516807 	 17.8323317 	 1386.1657 	 1.086 	 94.915
0.5533523 	 18.0587015 	 1418.7869 	 1.086 	 94.915
0.5550080 	 18.2850378 	 1464.7655 	 1.084 	 94.896
0.5566458 	 18.5113987 	 1537.6847 	 1.084 	 94.894
0.5582671 	 18.7447874 	 1631.2751 	 1.084 	 94.899
0.5598725 	 18.9775823 	 1751.2013 	 1.083 	 94.890
0.5614621 	 19.2167176 	 1915.5811 	 1.082 	 94.894
0.5630340 	 19.4530501 	 2122.1295 	 1.082 	 94.861
0.5645918 	 19.6882619 	 2401.0117 	 1.081 	 94.885
0.5661330 	 19.9302124 	 2765.3905 	 1.080 	 94.860
0.5676586 	 20.1788554 	 3216.6671 	 1.080 	 94.875
0.5691693 	 20.4148805 	 3884.7713 	 1.079 	 94.830
0.5706637 	 20.6693471 	 4649.4383 	 1.077 	 94.862
0.5721443 	 20.9226957 	 5619.1442 	 1.076 	 94.829
0.5736100 	 21.1968246 	 6833.4726 	 1.076 	 94.824
0.5750583 	 21.4810622 	 8065.5468 	 1.075 	 94.847
0.5764909 	 21.7624929 	 9687.6375 	 1.073 	 94.838
0.5779076 	 22.0597394 	 11607.9283 	 1.073 	 94.840
0.5793068 	 22.3526092 	 13751.8065 	 1.071 	 94.820
0.5806896 	 22.6599616 	 16075.5126 	 1.070 	 94.827
0.5820561 	 22.9879270 	 18778.5074 	 1.069 	 94.816
0.5834070 	 23.3161841 	 21783.4421 	 1.068 	 94.807
0.5847401 	 23.6517182 	 24483.9754 	 1.066 	 94.795
0.5860549 	 24.0030162 	 27653.6898 	 1.066 	 94.787
0.5873526 	 24.3693807 	 31002.9211 	 1.065 	 94.784
0.5886319 	 24.7447054 	 34999.7284 	 1.063 	 94.793
0.5898948 	 25.1214272 	 39169.6936 	 1.061 	 94.785
0.5911401 	 25.5154205 	 43378.8893 	 1.059 	 94.789
0.5923669 	 25.9245496 	 47474.2009 	 1.058 	 94.796
0.5935778 	 26.3350759 	 51950.3413 	 1.056 	 94.801
0.5947707 	 26.7625137 	 56761.6336 	 1.054 	 94.808
0.5959469 	 27.2026128 	 61463.6229 	 1.052 	 94.840
0.5971049 	 27.6424875 	 65425.7607 	 1.051 	 94.823
0.5982462 	 28.0980684 	 71651.7365 	 1.050 	 94.820
0.5993701 	 28.5587167 	 77253.4828 	 1.048 	 94.823
0.6004776 	 29.0350974 	 81697.2365 	 1.046 	 94.830
0.6015684 	 29.5164652 	 87940.0802 	 1.046 	 94.847
0.6026427 	 30.0028320 	 93352.6314 	 1.045 	 94.806
0.6037006 	 30.5100892 	 98742.0700 	 1.045 	 94.817
0.6047411 	 31.0286040 	 104597.9338 	 1.046 	 94.826
0.6057663 	 31.5513407 	 112157.7410 	 1.046 	 94.843
0.6067754 	 32.0923574 	 119019.7584 	 1.048 	 94.814
0.6077686 	 32.6402833 	 127458.6672 	 1.049 	 94.807
0.6087455 	 33.2061742 	 135886.5700 	 1.051 	 94.809
0.6097075 	 33.7730956 	 146412.2222 	 1.053 	 94.786
0.6106540 	 34.3643876 	 158684.7717 	 1.056 	 94.772
0.6115858 	 34.9597694 	 171580.7818 	 1.059 	 94.753
0.6125019 	 35.5766658 	 185968.1240 	 1.062 	 94.745
0.6134034 	 36.2112061 	 202060.4947 	 1.064 	 94.754
0.6142896 	 36.8549630 	 220738.4210 	 1.067 	 94.728
0.6151605 	 37.5181261 	 242228.8782 	 1.069 	 94.725
0.6160174 	 38.1933064 	 261946.2429 	 1.071 	 94.697
0.6168599 	 38.8820132 	 285736.6576 	 1.073 	 94.666
0.6176883 	 39.6084074 	 307057.6251 	 1.074 	 94.672
0.6185021 	 40.3276792 	 328149.4199 	 1.075 	 94.644
0.6193017 	 41.0796437 	 350198.1793 	 1.076 	 94.655
0.6200876 	 41.8390895 	 370266.5031 	 1.077 	 94.618
0.6208602 	 42.6092306 	 393994.4240 	 1.077 	 94.617
0.6216194 	 43.4076618 	 414711.9841 	 1.079 	 94.566
0.6223647 	 44.2174656 	 436461.8203 	 1.079 	 94.566
0.6230966 	 45.0535906 	 454077.8268 	 1.081 	 94.571
0.6238155 	 45.8918947 	 471686.3586 	 1.081 	 94.515
0.6245220 	 46.7639714 	 486355.0633 	 1.082 	 94.531
0.6252156 	 47.6282016 	 497498.3806 	 1.083 	 94.506
0.6258973 	 48.5207770 	 506896.1905 	 1.085 	 94.507
0.6265668 	 49.4223210 	 511224.1523 	 1.088 	 94.462
0.6272248 	 50.3437717 	 512618.4844 	 1.091 	 94.450
0.6278703 	 51.2493721 	 512839.0694 	 1.094 	 94.453
0.6285053 	 52.1821928 	 507424.9884 	 1.099 	 94.403
0.6291295 	 53.1237666 	 501962.0808 	 1.105 	 94.382
0.6297433 	 54.0548506 	 493137.6607 	 1.111 	 94.344
