N=100 	 R=1000000 	 s=1 	 Save [density, Z, rho_t, like/unlike, events per sweep]
0.0001353 	 1.0005150 	 1.1027 	 0.999 	 10.125
0.0132595 	 1.1627604 	 12.1882 	 0.950 	 46.781
0.0260849 	 1.1528966 	 22.8534 	 1.005 	 78.932
0.0384986 	 1.1917340 	 33.3810 	 1.013 	 88.230
0.0505088 	 1.2394792 	 43.8497 	 1.017 	 91.987
0.0621615 	 1.2921740 	 54.2355 	 1.018 	 93.798
0.0734526 	 1.3481646 	 64.6025 	 1.019 	 94.781
0.0844151 	 1.4075468 	 74.7992 	 1.020 	 95.250
0.0950487 	 1.4693949 	 85.8219 	 1.021 	 95.506
0.1053891 	 1.5335736 	 96.0404 	 1.022 	 95.646
0.1154382 	 1.6000498 	 106.6098 	 1.023 	 95.749
0.1251995 	 1.6683450 	 116.7141 	 1.024 	 95.780
0.1346947 	 1.7385892 	 126.2054 	 1.026 	 95.824
0.1439291 	 1.8099478 	 137.2980 	 1.027 	 95.883
0.1529295 	 1.8839952 	 148.2320 	 1.028 	 95.840
0.1616863 	 1.9594929 	 158.4772 	 1.029 	 95.824
0.1702216 	 2.0368694 	 170.0328 	 1.031 	 95.797
0.1785364 	 2.1158065 	 179.8185 	 1.032 	 95.782
0.1866400 	 2.1960746 	 189.8743 	 1.034 	 95.734
0.1945476 	 2.2780714 	 200.8328 	 1.035 	 95.733
0.2022564 	 2.3621050 	 212.0097 	 1.036 	 95.714
0.2097785 	 2.4475608 	 222.9794 	 1.038 	 95.732
0.2171235 	 2.5345770 	 233.1789 	 1.038 	 95.732
0.2242934 	 2.6225023 	 241.0736 	 1.039 	 95.698
0.2313062 	 2.7122949 	 251.1586 	 1.041 	 95.683
0.2381511 	 2.8043713 	 262.0505 	 1.042 	 95.662
0.2448480 	 2.8972861 	 273.0397 	 1.043 	 95.652
0.2513976 	 2.9921821 	 282.6403 	 1.044 	 95.633
0.2577942 	 3.0881582 	 291.8727 	 1.046 	 95.614
0.2640577 	 3.1857732 	 302.1057 	 1.047 	 95.610
0.2701864 	 3.2845587 	 312.7660 	 1.048 	 95.552
0.2761919 	 3.3855877 	 322.6097 	 1.049 	 95.568
0.2820682 	 3.4887539 	 332.4895 	 1.049 	 95.564
0.2878217 	 3.5921537 	 344.6220 	 1.051 	 95.559
0.2934594 	 3.6973127 	 354.1688 	 1.052 	 95.484
0.2989789 	 3.8044561 	 365.1155 	 1.053 	 95.502
0.3043966 	 3.9131850 	 374.4346 	 1.054 	 95.523
0.3097053 	 4.0231881 	 384.3066 	 1.055 	 95.475
0.3149078 	 4.1343443 	 397.0802 	 1.056 	 95.468
0.3200107 	 4.2480131 	 410.3643 	 1.057 	 95.479
0.3250155 	 4.3617713 	 418.4760 	 1.058 	 95.465
0.3299272 	 4.4760837 	 430.9933 	 1.059 	 95.407
0.3347491 	 4.5943277 	 436.6796 	 1.059 	 95.429
0.3394822 	 4.7138662 	 444.2009 	 1.061 	 95.415
0.3441286 	 4.8337758 	 455.9192 	 1.062 	 95.413
0.3486895 	 4.9560229 	 467.1280 	 1.062 	 95.406
0.3531716 	 5.0794721 	 474.6450 	 1.063 	 95.381
0.3575708 	 5.2042992 	 485.3391 	 1.064 	 95.402
0.3618967 	 5.3285307 	 493.3833 	 1.065 	 95.388
0.3661471 	 5.4563649 	 504.1653 	 1.065 	 95.331
0.3703240 	 5.5852719 	 514.7724 	 1.066 	 95.335
0.3744333 	 5.7166950 	 529.0404 	 1.067 	 95.343
0.3784732 	 5.8482179 	 540.3882 	 1.068 	 95.335
0.3824434 	 5.9827145 	 550.4282 	 1.069 	 95.328
0.3863474 	 6.1155424 	 559.0577 	 1.070 	 95.301
0.3901879 	 6.2521280 	 566.5069 	 1.071 	 95.284
0.3939678 	 6.3903431 	 574.0957 	 1.071 	 95.317
0.3976870 	 6.5287043 	 585.1069 	 1.072 	 95.265
0.4013472 	 6.6684145 	 596.0807 	 1.073 	 95.255
0.4049486 	 6.8111724 	 603.6249 	 1.073 	 95.262
0.4084946 	 6.9549965 	 617.6305 	 1.073 	 95.264
0.4119860 	 7.0984839 	 633.7239 	 1.074 	 95.263
0.4154243 	 7.2444152 	 644.7751 	 1.075 	 95.250
0.4188116 	 7.3921698 	 655.1669 	 1.076 	 95.240
0.4221473 	 7.5413869 	 664.8899 	 1.077 	 95.232
0.4254336 	 7.6904202 	 674.4375 	 1.076 	 95.210
0.4286706 	 7.8438557 	 686.4099 	 1.077 	 95.235
0.4318599 	 7.9932631 	 700.1847 	 1.078 	 95.190
0.4350042 	 8.1484049 	 710.4454 	 1.078 	 95.183
0.4381045 	 8.3049714 	 720.9091 	 1.078 	 95.198
0.4411591 	 8.4617139 	 732.2117 	 1.079 	 95.201
0.4441699 	 8.6204691 	 742.9084 	 1.080 	 95.183
0.4471381 	 8.7786424 	 756.2707 	 1.080 	 95.175
0.4500649 	 8.9398985 	 770.8324 	 1.080 	 95.147
0.4529532 	 9.1033780 	 786.0440 	 1.081 	 95.163
0.4558016 	 9.2649256 	 793.2980 	 1.081 	 95.136
0.4586119 	 9.4344138 	 806.2519 	 1.081 	 95.155
0.4613826 	 9.6008446 	 808.6609 	 1.082 	 95.140
0.4641143 	 9.7690367 	 820.1734 	 1.083 	 95.160
0.4668123 	 9.9333919 	 822.8368 	 1.083 	 95.125
0.4694746 	 10.1074304 	 828.6159 	 1.084 	 95.141
0.4721024 	 10.2782651 	 837.7702 	 1.084 	 95.106
0.4746958 	 10.4519055 	 848.2072 	 1.085 	 95.102
0.4772548 	 10.6236334 	 856.5520 	 1.085 	 95.112
0.4797835 	 10.7989781 	 864.3177 	 1.085 	 95.081
0.4822791 	 10.9770434 	 878.3589 	 1.085 	 95.099
0.4847426 	 11.1565334 	 889.9394 	 1.085 	 95.066
0.4871756 	 11.3349606 	 900.5256 	 1.085 	 95.068
0.4895781 	 11.5174932 	 909.6346 	 1.086 	 95.080
0.4919513 	 11.6990943 	 924.7052 	 1.086 	 95.082
0.4942970 	 11.8788810 	 928.5840 	 1.086 	 95.020
0.4966140 	 12.0656029 	 940.5400 	 1.086 	 95.037
0.4989018 	 12.2493354 	 951.6485 	 1.086 	 95.024
0.5011627 	 12.4382282 	 963.9189 	 1.086 	 95.015
0.5033956 	 12.6319855 	 969.0919 	 1.087 	 95.064
0.5056031 	 12.8244653 	 983.9536 	 1.086 	 95.038
0.5077836 	 13.0160803 	 996.9550 	 1.087 	 95.026
0.5099349 	 13.2084203 	 1009.4310 	 1.086 	 94.999
0.5120641 	 13.4061703 	 1025.0672 	 1.087 	 95.034
0.5141693 	 13.5986014 	 1033.3743 	 1.088 	 95.004
0.5162503 	 13.7985424 	 1049.8958 	 1.088 	 95.040
0.5183087 	 13.9936799 	 1062.9740 	 1.088 	 94.981
0.5203420 	 14.1965504 	 1075.9966 	 1.087 	 95.011
0.5223540 	 14.3992452 	 1076.5383 	 1.089 	 94.997
0.5243423 	 14.6057950 	 1085.4084 	 1.087 	 94.990
0.5263083 	 14.8091194 	 1092.7231 	 1.087 	 94.983
0.5282515 	 15.0216455 	 1104.2603 	 1.088 	 94.983
0.5301718 	 15.2293208 	 1112.4726 	 1.087 	 94.986
0.5320729 	 15.4359804 	 1122.8685 	 1.088 	 94.985
0.5339531 	 15.6444200 	 1134.0361 	 1.087 	 94.947
0.5358132 	 15.8612500 	 1138.5390 	 1.088 	 94.968
0.5376535 	 16.0732359 	 1148.3413 	 1.087 	 94.954
0.5394724 	 16.2865345 	 1161.9055 	 1.087 	 94.996
0.5412734 	 16.4981238 	 1184.7917 	 1.088 	 94.926
0.5430549 	 16.7163496 	 1199.5501 	 1.088 	 94.926
0.5448180 	 16.9353894 	 1216.0087 	 1.088 	 94.953
0.5465605 	 17.1541382 	 1247.5420 	 1.088 	 94.914
0.5482855 	 17.3831639 	 1269.2243 	 1.087 	 94.929
0.5499935 	 17.6025350 	 1299.0019 	 1.087 	 94.910
0.5516833 	 17.8236487 	 1337.2018 	 1.087 	 94.859
0.5533558 	 18.0571401 	 1369.0571 	 1.087 	 94.915
0.5550124 	 18.2826271 	 1411.9254 	 1.087 	 94.890
0.5566510 	 18.5088007 	 1454.4732 	 1.087 	 94.898
0.5582740 	 18.7391283 	 1516.7625 	 1.088 	 94.870
0.5598800 	 18.9793697 	 1599.2030 	 1.087 	 94.873
0.5614687 	 19.2156978 	 1716.9141 	 1.086 	 94.897
0.5630418 	 19.4475381 	 1859.9666 	 1.086 	 94.853
0.5646000 	 19.6867000 	 2050.2220 	 1.087 	 94.867
0.5661420 	 19.9355387 	 2285.2662 	 1.087 	 94.876
0.5676691 	 20.1823514 	 2597.4283 	 1.086 	 94.858
0.5691793 	 20.4317412 	 2996.6050 	 1.085 	 94.861
0.5706744 	 20.6727974 	 3513.5441 	 1.085 	 94.813
0.5721538 	 20.9372601 	 4171.6489 	 1.084 	 94.846
0.5736184 	 21.2016440 	 4912.2245 	 1.084 	 94.842
0.5750687 	 21.4759294 	 5815.6502 	 1.082 	 94.837
0.5765007 	 21.7454052 	 6893.6726 	 1.082 	 94.786
0.5779180 	 22.0461276 	 7923.8621 	 1.082 	 94.815
0.5793186 	 22.3414824 	 9280.4308 	 1.080 	 94.796
0.5807026 	 22.6498191 	 10823.8769 	 1.078 	 94.829
0.5820701 	 22.9778822 	 12351.7944 	 1.077 	 94.813
0.5834206 	 23.3050899 	 14276.9049 	 1.076 	 94.802
0.5847542 	 23.6474116 	 16259.3207 	 1.074 	 94.757
0.5860696 	 24.0040199 	 18086.4996 	 1.072 	 94.761
0.5873684 	 24.3688059 	 20438.7017 	 1.070 	 94.769
0.5886487 	 24.7448652 	 22578.1020 	 1.069 	 94.750
0.5899121 	 25.1314467 	 24739.7418 	 1.067 	 94.757
0.5911564 	 25.5267861 	 26908.5966 	 1.064 	 94.750
0.5923850 	 25.9277465 	 29694.2242 	 1.061 	 94.740
0.5935959 	 26.3425396 	 31645.3124 	 1.059 	 94.722
0.5947891 	 26.7637382 	 33361.5279 	 1.057 	 94.711
0.5959643 	 27.2062021 	 35236.3890 	 1.054 	 94.696
0.5971223 	 27.6519214 	 37292.8480 	 1.052 	 94.713
0.5982625 	 28.0954045 	 39355.3211 	 1.049 	 94.649
0.5993863 	 28.5552623 	 41559.8277 	 1.047 	 94.676
0.6004934 	 29.0431750 	 43492.9261 	 1.046 	 94.714
0.6015826 	 29.5169120 	 46198.6267 	 1.043 	 94.675
0.6026562 	 30.0157819 	 49530.7465 	 1.041 	 94.683
0.6037144 	 30.5148158 	 53225.6164 	 1.038 	 94.658
0.6047559 	 31.0268796 	 58233.4522 	 1.035 	 94.667
0.6057804 	 31.5495361 	 64139.5057 	 1.033 	 94.674
0.6067889 	 32.0939255 	 70389.5068 	 1.030 	 94.689
0.6077812 	 32.6458408 	 77314.0370 	 1.027 	 94.668
0.6087581 	 33.2017668 	 84752.6231 	 1.025 	 94.646
0.6097198 	 33.7889686 	 92829.9597 	 1.023 	 94.674
0.6106659 	 34.3796814 	 100593.7356 	 1.022 	 94.640
0.6115966 	 35.0000549 	 109662.8536 	 1.021 	 94.684
0.6125116 	 35.6271712 	 118035.8925 	 1.019 	 94.690
0.6134115 	 36.2614613 	 126357.3120 	 1.018 	 94.645
0.6142965 	 36.9094732 	 134365.0546 	 1.017 	 94.684
0.6151660 	 37.5563224 	 142019.8086 	 1.017 	 94.646
0.6160219 	 38.2354138 	 147428.7868 	 1.018 	 94.644
0.6168629 	 38.9286469 	 152579.1856 	 1.020 	 94.655
0.6176897 	 39.6251772 	 156301.1729 	 1.022 	 94.659
0.6185033 	 40.3255847 	 160572.4517 	 1.025 	 94.664
0.6193038 	 41.0298016 	 163825.0513 	 1.027 	 94.680
0.6200913 	 41.7357074 	 168321.1816 	 1.031 	 94.689
0.6208655 	 42.4469428 	 173272.1717 	 1.036 	 94.670
0.6216285 	 43.1356273 	 180615.4791 	 1.041 	 94.645
0.6223795 	 43.8413288 	 189761.0269 	 1.048 	 94.688
0.6231189 	 44.5061608 	 203420.6737 	 1.055 	 94.706
0.6238481 	 45.2009533 	 221735.1202 	 1.062 	 94.752
0.6245671 	 45.8827728 	 248518.1923 	 1.070 	 94.711
0.6252759 	 46.5437157 	 282036.6576 	 1.078 	 94.704
0.6259756 	 47.2106514 	 322148.9173 	 1.084 	 94.695
0.6266656 	 47.9125841 	 370628.8849 	 1.090 	 94.701
0.6273462 	 48.6320636 	 426036.1686 	 1.096 	 94.681
0.6280169 	 49.3823813 	 484229.0079 	 1.101 	 94.655
0.6286778 	 50.1706756 	 541940.0281 	 1.105 	 94.619
0.6293286 	 51.0013570 	 598365.3047 	 1.109 	 94.614
0.6299690 	 51.8716813 	 653372.4379 	 1.111 	 94.573
