N=100 	 R=1000000 	 s=1 	 Save [density, Z, rho_t, like/unlike, events per sweep]
0.0001346 	 1.0005123 	 1.1028 	 1.018 	 10.125
0.0132584 	 1.1625576 	 12.1720 	 0.950 	 46.826
0.0260808 	 1.1528462 	 22.8626 	 1.005 	 78.914
0.0385031 	 1.1918667 	 33.4442 	 1.014 	 88.231
0.0505221 	 1.2396348 	 43.9564 	 1.017 	 92.029
0.0621710 	 1.2921726 	 53.8450 	 1.017 	 93.799
0.0734736 	 1.3482774 	 64.2108 	 1.019 	 94.768
0.0844300 	 1.4076268 	 74.5526 	 1.020 	 95.251
0.0950670 	 1.4694314 	 84.8061 	 1.021 	 95.515
0.1053992 	 1.5336550 	 94.2097 	 1.022 	 95.665
0.1154509 	 1.6001309 	 104.7527 	 1.024 	 95.729
0.1252140 	 1.6684196 	 115.6325 	 1.025 	 95.796
0.1347147 	 1.7390086 	 126.4335 	 1.026 	 95.858
0.1439605 	 1.8103292 	 135.3745 	 1.027 	 95.900
0.1529542 	 1.8842532 	 145.1161 	 1.028 	 95.833
0.1617113 	 1.9596789 	 155.1442 	 1.030 	 95.808
0.1702371 	 2.0371181 	 165.9939 	 1.031 	 95.827
0.1785460 	 2.1159016 	 176.7821 	 1.032 	 95.796
0.1866555 	 2.1963699 	 186.0753 	 1.034 	 95.779
0.1945552 	 2.2780980 	 195.6221 	 1.035 	 95.731
0.2022632 	 2.3619984 	 205.6480 	 1.036 	 95.715
0.2097968 	 2.4477522 	 215.8771 	 1.037 	 95.737
0.2171431 	 2.5345348 	 225.0989 	 1.038 	 95.716
0.2243121 	 2.6226091 	 235.8314 	 1.040 	 95.701
0.2313225 	 2.7124126 	 245.9835 	 1.040 	 95.625
0.2381675 	 2.8043345 	 256.7737 	 1.042 	 95.670
0.2448610 	 2.8973157 	 268.2445 	 1.043 	 95.644
0.2514037 	 2.9924264 	 278.2076 	 1.044 	 95.618
0.2578067 	 3.0884846 	 287.0048 	 1.045 	 95.617
0.2640752 	 3.1863056 	 296.7864 	 1.046 	 95.612
0.2702070 	 3.2858141 	 306.6571 	 1.048 	 95.581
0.2762071 	 3.3860668 	 317.7250 	 1.049 	 95.550
0.2820813 	 3.4885582 	 330.7189 	 1.050 	 95.564
0.2878354 	 3.5928715 	 341.3088 	 1.051 	 95.547
0.2934712 	 3.6986630 	 350.0295 	 1.051 	 95.544
0.2989939 	 3.8051986 	 358.8470 	 1.053 	 95.538
0.3044074 	 3.9135323 	 368.6874 	 1.054 	 95.519
0.3097122 	 4.0228634 	 380.1042 	 1.055 	 95.491
0.3149179 	 4.1342661 	 390.4919 	 1.056 	 95.475
0.3200173 	 4.2477020 	 398.3422 	 1.056 	 95.461
0.3250246 	 4.3620328 	 406.5018 	 1.057 	 95.459
0.3299400 	 4.4790480 	 418.4680 	 1.058 	 95.450
0.3347599 	 4.5953478 	 428.5551 	 1.060 	 95.433
0.3394930 	 4.7131292 	 441.1283 	 1.060 	 95.411
0.3441372 	 4.8341392 	 452.1124 	 1.061 	 95.413
0.3486986 	 4.9563003 	 465.8826 	 1.062 	 95.410
0.3531790 	 5.0783112 	 479.0583 	 1.063 	 95.375
0.3575769 	 5.2045291 	 490.0053 	 1.064 	 95.372
0.3618992 	 5.3302712 	 501.0924 	 1.064 	 95.369
0.3661455 	 5.4572080 	 511.6014 	 1.065 	 95.358
0.3703235 	 5.5850755 	 523.0304 	 1.066 	 95.332
0.3744306 	 5.7170324 	 533.3552 	 1.068 	 95.348
0.3784688 	 5.8479847 	 542.8480 	 1.068 	 95.321
0.3824419 	 5.9807127 	 555.8120 	 1.069 	 95.306
0.3863455 	 6.1171572 	 564.9343 	 1.070 	 95.288
0.3901842 	 6.2517329 	 572.4732 	 1.070 	 95.301
0.3939657 	 6.3901679 	 582.7386 	 1.071 	 95.257
0.3976849 	 6.5283287 	 596.7334 	 1.072 	 95.274
0.4013461 	 6.6703954 	 606.7060 	 1.072 	 95.304
0.4049495 	 6.8106105 	 613.7884 	 1.073 	 95.266
0.4084945 	 6.9536923 	 619.2737 	 1.073 	 95.261
0.4119870 	 7.0986913 	 631.4224 	 1.074 	 95.248
0.4154267 	 7.2436619 	 643.5962 	 1.074 	 95.242
0.4188112 	 7.3933310 	 651.5923 	 1.076 	 95.253
0.4221477 	 7.5410156 	 665.2233 	 1.076 	 95.255
0.4254360 	 7.6889818 	 674.0345 	 1.076 	 95.212
0.4286727 	 7.8414623 	 681.3810 	 1.077 	 95.186
0.4318631 	 7.9955429 	 692.3892 	 1.078 	 95.204
0.4350088 	 8.1503449 	 702.5789 	 1.078 	 95.197
0.4381058 	 8.3056688 	 706.8321 	 1.079 	 95.192
0.4411598 	 8.4622309 	 715.9182 	 1.079 	 95.153
0.4441723 	 8.6194978 	 725.0028 	 1.080 	 95.152
0.4471400 	 8.7805954 	 735.4167 	 1.080 	 95.172
0.4500680 	 8.9420062 	 743.2355 	 1.080 	 95.177
0.4529561 	 9.1026346 	 749.7563 	 1.081 	 95.163
0.4558063 	 9.2694982 	 758.8930 	 1.081 	 95.173
0.4586124 	 9.4327400 	 768.9621 	 1.082 	 95.140
0.4613837 	 9.5972181 	 779.4177 	 1.082 	 95.118
0.4641158 	 9.7641846 	 786.0615 	 1.082 	 95.121
0.4668133 	 9.9350517 	 796.8913 	 1.083 	 95.136
0.4694779 	 10.1051565 	 812.0739 	 1.083 	 95.115
0.4721069 	 10.2756415 	 824.0764 	 1.084 	 95.094
0.4747025 	 10.4468275 	 834.2763 	 1.084 	 95.074
0.4772609 	 10.6262261 	 848.9446 	 1.084 	 95.095
0.4797881 	 10.7991502 	 861.7656 	 1.085 	 95.101
0.4822843 	 10.9791670 	 868.4205 	 1.085 	 95.103
0.4847478 	 11.1566783 	 873.1119 	 1.086 	 95.100
0.4871813 	 11.3353350 	 881.8557 	 1.086 	 95.097
0.4895850 	 11.5152198 	 888.7511 	 1.085 	 95.071
0.4919578 	 11.6971197 	 894.1557 	 1.086 	 95.063
0.4942996 	 11.8839209 	 907.5315 	 1.086 	 95.083
0.4966144 	 12.0682497 	 923.5236 	 1.086 	 95.037
0.4989005 	 12.2535063 	 930.8339 	 1.087 	 95.021
0.5011613 	 12.4440087 	 945.0277 	 1.087 	 95.038
0.5033935 	 12.6319162 	 960.9953 	 1.087 	 95.058
0.5056013 	 12.8236135 	 975.3983 	 1.088 	 95.050
0.5077811 	 13.0139552 	 988.2031 	 1.088 	 95.022
0.5099356 	 13.2119467 	 1004.4013 	 1.088 	 95.034
0.5120665 	 13.4075956 	 1017.0772 	 1.088 	 95.038
0.5141712 	 13.5955360 	 1027.9401 	 1.087 	 95.025
0.5162512 	 13.7963888 	 1036.0777 	 1.088 	 95.006
0.5183084 	 13.9994999 	 1036.1696 	 1.088 	 94.997
0.5203437 	 14.1998745 	 1047.2221 	 1.087 	 95.006
0.5223569 	 14.4008276 	 1058.2303 	 1.087 	 94.977
0.5243447 	 14.6019009 	 1063.2269 	 1.087 	 94.996
0.5263107 	 14.8104895 	 1078.7119 	 1.087 	 95.007
0.5282544 	 15.0162669 	 1088.6536 	 1.087 	 94.997
0.5301767 	 15.2244363 	 1109.1807 	 1.088 	 94.970
0.5320786 	 15.4321701 	 1119.7060 	 1.087 	 94.957
0.5339590 	 15.6478251 	 1134.9754 	 1.088 	 94.972
0.5358196 	 15.8543979 	 1148.8344 	 1.087 	 94.943
0.5376594 	 16.0707089 	 1169.8419 	 1.087 	 94.969
0.5394803 	 16.2854550 	 1184.6150 	 1.087 	 94.936
0.5412806 	 16.4990392 	 1201.7142 	 1.087 	 94.943
0.5430623 	 16.7166374 	 1219.2984 	 1.087 	 94.936
0.5448251 	 16.9368687 	 1240.0289 	 1.087 	 94.937
0.5465701 	 17.1622841 	 1276.2868 	 1.087 	 94.945
0.5482946 	 17.3819917 	 1302.5735 	 1.087 	 94.897
0.5500028 	 17.6111646 	 1337.6376 	 1.086 	 94.940
0.5516919 	 17.8314236 	 1377.1045 	 1.086 	 94.898
0.5533648 	 18.0575333 	 1427.7461 	 1.085 	 94.896
0.5550196 	 18.2900967 	 1491.3994 	 1.085 	 94.924
0.5566591 	 18.5164930 	 1572.6564 	 1.086 	 94.909
0.5582808 	 18.7519024 	 1670.8032 	 1.086 	 94.883
0.5598854 	 18.9849398 	 1838.6832 	 1.085 	 94.881
0.5614739 	 19.2264668 	 2064.9367 	 1.085 	 94.865
0.5630476 	 19.4657696 	 2384.1105 	 1.084 	 94.867
0.5646028 	 19.7093080 	 2760.0102 	 1.084 	 94.887
0.5661419 	 19.9578795 	 3230.9559 	 1.083 	 94.894
0.5676664 	 20.2063168 	 3932.0130 	 1.082 	 94.862
0.5691746 	 20.4544546 	 4936.5709 	 1.081 	 94.839
0.5706671 	 20.7089281 	 6439.3437 	 1.081 	 94.824
0.5721447 	 20.9731749 	 8187.9071 	 1.080 	 94.821
0.5736054 	 21.2451237 	 10503.5525 	 1.080 	 94.796
0.5750515 	 21.5167721 	 13632.9196 	 1.079 	 94.797
0.5764816 	 21.8040838 	 17141.5451 	 1.080 	 94.780
0.5778947 	 22.0932837 	 21114.6166 	 1.079 	 94.760
0.5792922 	 22.3861099 	 25736.0477 	 1.078 	 94.739
0.5806722 	 22.6918615 	 31718.6204 	 1.079 	 94.736
0.5820369 	 23.0122011 	 37734.8789 	 1.079 	 94.735
0.5833847 	 23.3324755 	 43863.8701 	 1.080 	 94.684
0.5847162 	 23.6597082 	 49834.7234 	 1.080 	 94.669
0.5860316 	 24.0027157 	 57659.2171 	 1.081 	 94.653
0.5873295 	 24.3563404 	 64939.4340 	 1.083 	 94.650
0.5886108 	 24.7020577 	 72097.4927 	 1.085 	 94.635
0.5898761 	 25.0467914 	 82546.3005 	 1.088 	 94.614
0.5911267 	 25.4053697 	 93830.9345 	 1.090 	 94.593
0.5923610 	 25.7648598 	 105230.9769 	 1.093 	 94.590
0.5935801 	 26.1104918 	 121192.7003 	 1.096 	 94.571
0.5947846 	 26.4681057 	 142067.2208 	 1.098 	 94.599
0.5959762 	 26.8040796 	 167736.0134 	 1.101 	 94.556
0.5971537 	 27.1699446 	 200865.7843 	 1.104 	 94.604
0.5983179 	 27.5210403 	 242703.8864 	 1.106 	 94.590
0.5994683 	 27.8944848 	 290265.8841 	 1.108 	 94.607
0.6006047 	 28.2816594 	 345228.8486 	 1.110 	 94.634
0.6017269 	 28.6847904 	 403355.3019 	 1.111 	 94.630
0.6028351 	 29.1173853 	 462794.2892 	 1.112 	 94.670
0.6039277 	 29.5627106 	 521619.0958 	 1.112 	 94.702
0.6050040 	 30.0373523 	 577402.5847 	 1.111 	 94.716
0.6060644 	 30.5233668 	 633509.4132 	 1.111 	 94.735
0.6071096 	 31.0372759 	 678559.8778 	 1.110 	 94.740
0.6081380 	 31.5704505 	 727102.0735 	 1.108 	 94.740
0.6091499 	 32.1232545 	 767200.3020 	 1.108 	 94.770
0.6101458 	 32.6852880 	 803728.6150 	 1.106 	 94.776
0.6111254 	 33.2639004 	 835870.9026 	 1.106 	 94.753
0.6120879 	 33.8687069 	 860893.5247 	 1.105 	 94.757
0.6130354 	 34.4903712 	 883990.6749 	 1.103 	 94.774
0.6139663 	 35.1105330 	 903788.2343 	 1.103 	 94.742
0.6148822 	 35.7609489 	 921141.0850 	 1.102 	 94.768
0.6157819 	 36.4136902 	 935542.2973 	 1.102 	 94.750
0.6166658 	 37.0940195 	 949103.0266 	 1.101 	 94.759
0.6175343 	 37.7790519 	 958159.0012 	 1.100 	 94.723
0.6183881 	 38.4956218 	 965008.6489 	 1.099 	 94.725
0.6192265 	 39.2137628 	 969282.1875 	 1.100 	 94.712
0.6200502 	 39.9508048 	 972468.5665 	 1.099 	 94.710
0.6208599 	 40.7071353 	 976945.3878 	 1.099 	 94.680
0.6216555 	 41.4826739 	 979452.1060 	 1.099 	 94.687
0.6224368 	 42.2640745 	 981838.3211 	 1.099 	 94.651
0.6232040 	 43.0593929 	 983624.0374 	 1.099 	 94.629
0.6239570 	 43.8886108 	 984547.8927 	 1.099 	 94.648
0.6246964 	 44.7270557 	 984284.5859 	 1.099 	 94.616
0.6254226 	 45.5837794 	 985231.5588 	 1.100 	 94.606
0.6261358 	 46.4726684 	 985967.1063 	 1.100 	 94.625
0.6268358 	 47.3536861 	 985852.4593 	 1.099 	 94.550
0.6275227 	 48.2777291 	 986333.0714 	 1.101 	 94.565
0.6281972 	 49.2026517 	 986464.5604 	 1.100 	 94.523
0.6288601 	 50.1435845 	 985935.2522 	 1.101 	 94.514
0.6295100 	 51.1325677 	 987403.4644 	 1.102 	 94.531
