N=100 	 R=1000000 	 s=1 	 Save [density, Z, rho_t, like/unlike, events per sweep]
0.0001356 	 1.0005193 	 1.1026 	 1.001 	 10.126
0.0132544 	 1.1626954 	 12.2091 	 0.951 	 46.787
0.0260733 	 1.1527757 	 22.8184 	 1.004 	 78.913
0.0385019 	 1.1917623 	 33.5366 	 1.013 	 88.209
0.0505194 	 1.2396167 	 44.0193 	 1.016 	 92.036
0.0621635 	 1.2921451 	 54.5373 	 1.018 	 93.821
0.0734524 	 1.3482051 	 65.0712 	 1.019 	 94.784
0.0844151 	 1.4075560 	 76.0582 	 1.020 	 95.235
0.0950548 	 1.4695084 	 86.5024 	 1.021 	 95.514
0.1053874 	 1.5336477 	 97.7497 	 1.022 	 95.691
0.1154371 	 1.5999425 	 108.4779 	 1.023 	 95.757
0.1252077 	 1.6683748 	 119.0008 	 1.025 	 95.769
0.1346999 	 1.7385586 	 129.2015 	 1.026 	 95.815
0.1439402 	 1.8101316 	 140.0441 	 1.027 	 95.881
0.1529329 	 1.8839494 	 151.1244 	 1.028 	 95.852
0.1616883 	 1.9594894 	 161.5847 	 1.030 	 95.819
0.1702250 	 2.0370642 	 172.3229 	 1.031 	 95.836
0.1785403 	 2.1156066 	 184.7243 	 1.032 	 95.799
0.1866413 	 2.1962020 	 196.4940 	 1.033 	 95.773
0.1945405 	 2.2782017 	 207.1021 	 1.034 	 95.730
0.2022509 	 2.3618154 	 217.7946 	 1.036 	 95.743
0.2097716 	 2.4467981 	 229.6049 	 1.037 	 95.685
0.2171174 	 2.5339224 	 239.9388 	 1.038 	 95.693
0.2242916 	 2.6223987 	 249.0282 	 1.039 	 95.688
0.2312949 	 2.7123345 	 258.9215 	 1.041 	 95.657
0.2381436 	 2.8040647 	 268.2474 	 1.042 	 95.662
0.2448422 	 2.8972585 	 278.1432 	 1.043 	 95.665
0.2513889 	 2.9915737 	 289.5484 	 1.045 	 95.636
0.2577892 	 3.0876239 	 299.3186 	 1.045 	 95.610
0.2640559 	 3.1860016 	 309.1693 	 1.047 	 95.627
0.2701883 	 3.2847595 	 320.3416 	 1.048 	 95.584
0.2761889 	 3.3857521 	 328.6533 	 1.049 	 95.570
0.2820640 	 3.4881607 	 338.9527 	 1.050 	 95.522
0.2878186 	 3.5923740 	 346.9985 	 1.051 	 95.536
0.2934507 	 3.6973137 	 355.7621 	 1.052 	 95.528
0.2989717 	 3.8043439 	 367.0608 	 1.053 	 95.525
0.3043850 	 3.9132904 	 377.7065 	 1.054 	 95.540
0.3096896 	 4.0230437 	 392.3867 	 1.055 	 95.483
0.3148946 	 4.1341686 	 403.3368 	 1.055 	 95.488
0.3199989 	 4.2471970 	 414.2519 	 1.057 	 95.468
0.3250081 	 4.3606768 	 426.8963 	 1.057 	 95.437
0.3299224 	 4.4762975 	 438.2125 	 1.059 	 95.428
0.3347439 	 4.5949541 	 445.1051 	 1.060 	 95.432
0.3394792 	 4.7141357 	 458.7763 	 1.060 	 95.426
0.3441257 	 4.8338073 	 469.7750 	 1.061 	 95.418
0.3486849 	 4.9562404 	 480.0195 	 1.063 	 95.408
0.3531643 	 5.0785200 	 489.5961 	 1.063 	 95.396
0.3575709 	 5.2043340 	 501.4391 	 1.064 	 95.393
0.3618961 	 5.3293119 	 514.1501 	 1.065 	 95.376
0.3661456 	 5.4577520 	 520.0966 	 1.066 	 95.382
0.3703255 	 5.5858389 	 532.6570 	 1.067 	 95.367
0.3744314 	 5.7158802 	 551.0763 	 1.068 	 95.341
0.3784695 	 5.8488337 	 557.2544 	 1.068 	 95.332
0.3824398 	 5.9826484 	 564.6100 	 1.069 	 95.340
0.3863485 	 6.1167309 	 576.2362 	 1.069 	 95.308
0.3901902 	 6.2527152 	 586.6879 	 1.070 	 95.296
0.3939680 	 6.3899653 	 594.6962 	 1.070 	 95.296
0.3976833 	 6.5280773 	 605.1179 	 1.072 	 95.272
0.4013436 	 6.6681033 	 611.0600 	 1.072 	 95.269
0.4049482 	 6.8120397 	 622.7021 	 1.073 	 95.270
0.4084953 	 6.9555170 	 628.8272 	 1.074 	 95.274
0.4119862 	 7.0988633 	 642.8549 	 1.074 	 95.256
0.4154256 	 7.2434231 	 650.1132 	 1.075 	 95.247
0.4188122 	 7.3904891 	 662.8428 	 1.075 	 95.201
0.4221470 	 7.5399887 	 677.0745 	 1.076 	 95.225
0.4254323 	 7.6897673 	 686.1415 	 1.077 	 95.225
0.4286719 	 7.8429938 	 697.7783 	 1.077 	 95.235
0.4318630 	 7.9954167 	 718.0299 	 1.078 	 95.215
0.4350071 	 8.1479238 	 725.7980 	 1.078 	 95.157
0.4381044 	 8.3056970 	 737.4494 	 1.079 	 95.201
0.4411617 	 8.4639894 	 744.8305 	 1.079 	 95.190
0.4441717 	 8.6196426 	 753.6805 	 1.080 	 95.174
0.4471399 	 8.7796810 	 764.1542 	 1.080 	 95.172
0.4500671 	 8.9414496 	 777.7371 	 1.081 	 95.162
0.4529514 	 9.1022042 	 784.6663 	 1.081 	 95.153
0.4557991 	 9.2663100 	 795.6044 	 1.081 	 95.135
0.4586074 	 9.4319348 	 800.4350 	 1.082 	 95.148
0.4613785 	 9.5973164 	 812.8101 	 1.082 	 95.123
0.4641137 	 9.7652158 	 827.2062 	 1.082 	 95.140
0.4668116 	 9.9350491 	 835.7301 	 1.083 	 95.111
0.4694738 	 10.1055876 	 840.8782 	 1.083 	 95.100
0.4721011 	 10.2756399 	 849.0562 	 1.083 	 95.099
0.4746952 	 10.4486492 	 860.1423 	 1.083 	 95.122
0.4772553 	 10.6250418 	 873.9443 	 1.084 	 95.103
0.4797827 	 10.8024128 	 891.4102 	 1.084 	 95.112
0.4822790 	 10.9778154 	 904.6567 	 1.084 	 95.100
0.4847414 	 11.1549231 	 909.2082 	 1.085 	 95.075
0.4871737 	 11.3366094 	 912.6618 	 1.085 	 95.079
0.4895779 	 11.5184415 	 927.0068 	 1.086 	 95.081
0.4919496 	 11.6997402 	 940.9315 	 1.085 	 95.046
0.4942912 	 11.8854022 	 943.0990 	 1.086 	 95.077
0.4966068 	 12.0677873 	 952.8791 	 1.086 	 95.067
0.4988944 	 12.2547936 	 968.2957 	 1.086 	 95.048
0.5011556 	 12.4416449 	 973.2955 	 1.086 	 95.048
0.5033868 	 12.6316685 	 983.5851 	 1.087 	 95.055
0.5055929 	 12.8234089 	 997.1943 	 1.087 	 95.040
0.5077738 	 13.0157034 	 1006.5591 	 1.087 	 95.014
0.5099275 	 13.2135350 	 1014.1510 	 1.088 	 95.028
0.5120575 	 13.4026031 	 1024.1275 	 1.088 	 95.023
0.5141616 	 13.6003580 	 1035.5306 	 1.088 	 95.027
0.5162433 	 13.7956499 	 1058.1515 	 1.088 	 95.006
0.5183015 	 13.9985045 	 1065.0145 	 1.088 	 95.021
0.5203339 	 14.1954084 	 1074.2857 	 1.088 	 95.005
0.5223437 	 14.3957134 	 1086.4421 	 1.088 	 94.984
0.5243317 	 14.6024948 	 1093.6543 	 1.087 	 95.004
0.5262991 	 14.8063296 	 1099.5835 	 1.087 	 94.987
0.5282436 	 15.0101189 	 1118.1848 	 1.087 	 94.969
0.5301666 	 15.2174570 	 1137.3420 	 1.086 	 94.984
0.5320690 	 15.4282374 	 1148.2911 	 1.086 	 94.991
0.5339513 	 15.6385789 	 1169.1078 	 1.087 	 94.980
0.5358111 	 15.8504291 	 1175.9301 	 1.087 	 94.948
0.5376525 	 16.0652235 	 1186.2654 	 1.087 	 94.962
0.5394731 	 16.2836905 	 1203.4137 	 1.086 	 94.948
0.5412747 	 16.5000266 	 1218.7262 	 1.087 	 94.960
0.5430547 	 16.7117055 	 1233.8486 	 1.085 	 94.941
0.5448175 	 16.9351337 	 1258.9249 	 1.085 	 94.948
0.5465616 	 17.1515165 	 1278.6358 	 1.086 	 94.906
0.5482888 	 17.3763473 	 1307.4072 	 1.085 	 94.903
0.5499970 	 17.5977208 	 1347.2696 	 1.085 	 94.896
0.5516868 	 17.8280104 	 1392.4317 	 1.085 	 94.927
0.5533596 	 18.0507735 	 1444.4618 	 1.085 	 94.899
0.5550150 	 18.2845418 	 1496.4801 	 1.085 	 94.958
0.5566539 	 18.5084276 	 1560.9348 	 1.085 	 94.903
0.5582758 	 18.7487145 	 1648.9937 	 1.085 	 94.919
0.5598812 	 18.9767286 	 1790.3627 	 1.083 	 94.908
0.5614711 	 19.2123604 	 1976.1055 	 1.083 	 94.892
0.5630436 	 19.4528769 	 2199.5596 	 1.082 	 94.882
0.5646010 	 19.6949523 	 2498.3143 	 1.080 	 94.904
0.5661432 	 19.9341976 	 2910.7698 	 1.079 	 94.885
0.5676694 	 20.1798673 	 3408.7342 	 1.077 	 94.874
0.5691808 	 20.4292849 	 4119.2297 	 1.076 	 94.874
0.5706749 	 20.6824787 	 4963.1342 	 1.075 	 94.856
0.5721547 	 20.9465135 	 5949.9360 	 1.075 	 94.849
0.5736187 	 21.2095191 	 7215.8075 	 1.074 	 94.844
0.5750671 	 21.4848446 	 8650.9682 	 1.073 	 94.883
0.5764992 	 21.7548938 	 10333.9810 	 1.072 	 94.862
0.5779161 	 22.0440683 	 12199.4418 	 1.070 	 94.881
0.5793169 	 22.3232727 	 14454.8892 	 1.069 	 94.869
0.5807033 	 22.6036944 	 17182.6352 	 1.066 	 94.847
0.5820746 	 22.8999921 	 20482.6790 	 1.065 	 94.849
0.5834300 	 23.1952874 	 24448.2008 	 1.063 	 94.876
0.5847702 	 23.4845943 	 30376.0376 	 1.061 	 94.838
0.5860966 	 23.7846375 	 38982.4502 	 1.058 	 94.895
0.5874097 	 24.0755661 	 50905.1284 	 1.055 	 94.888
0.5887083 	 24.3691208 	 67746.0202 	 1.052 	 94.898
0.5899939 	 24.6651149 	 90943.4696 	 1.048 	 94.898
0.5912665 	 24.9597128 	 121659.3502 	 1.044 	 94.882
0.5925254 	 25.2799093 	 158582.3965 	 1.041 	 94.897
0.5937694 	 25.6091013 	 201718.7623 	 1.037 	 94.890
0.5950001 	 25.9648612 	 249193.8443 	 1.034 	 94.907
0.5962157 	 26.3432950 	 296370.3136 	 1.033 	 94.902
0.5974154 	 26.7426637 	 346025.7666 	 1.031 	 94.918
0.5985976 	 27.1569555 	 391132.2746 	 1.031 	 94.862
0.5997619 	 27.6004250 	 433543.7026 	 1.030 	 94.861
0.6009087 	 28.0621010 	 475321.8739 	 1.031 	 94.848
0.6020385 	 28.5460924 	 509508.6974 	 1.031 	 94.855
0.6031504 	 29.0383403 	 540083.2385 	 1.030 	 94.841
0.6042451 	 29.5641332 	 566608.1020 	 1.033 	 94.824
0.6053214 	 30.1067091 	 584612.0512 	 1.033 	 94.834
0.6063791 	 30.6524351 	 599298.8839 	 1.034 	 94.794
0.6074193 	 31.2207808 	 613265.5174 	 1.037 	 94.822
0.6084411 	 31.7986060 	 621816.8104 	 1.038 	 94.793
0.6094450 	 32.3872941 	 621872.8084 	 1.040 	 94.787
0.6104320 	 32.9936968 	 624101.8974 	 1.041 	 94.797
0.6114017 	 33.6121918 	 617918.8093 	 1.044 	 94.755
0.6123543 	 34.2449915 	 610428.5484 	 1.047 	 94.762
0.6132906 	 34.8898348 	 595864.3510 	 1.050 	 94.755
0.6142106 	 35.5469498 	 578606.6599 	 1.053 	 94.793
0.6151150 	 36.2002588 	 562208.7803 	 1.056 	 94.767
0.6160036 	 36.8700341 	 543863.3831 	 1.061 	 94.763
0.6168767 	 37.5642680 	 526990.8067 	 1.065 	 94.767
0.6177347 	 38.2528578 	 506601.4107 	 1.070 	 94.751
0.6185775 	 38.9737249 	 488111.2475 	 1.075 	 94.778
0.6194054 	 39.7037329 	 469941.6417 	 1.080 	 94.789
0.6202197 	 40.4495759 	 452105.0867 	 1.085 	 94.795
0.6210198 	 41.2024556 	 433194.0291 	 1.091 	 94.812
0.6218056 	 41.9601491 	 417743.4178 	 1.097 	 94.811
0.6225778 	 42.7368183 	 404682.5203 	 1.104 	 94.821
0.6233367 	 43.5396619 	 394288.0108 	 1.110 	 94.851
0.6240819 	 44.3569099 	 385960.4832 	 1.117 	 94.859
0.6248136 	 45.1879281 	 379292.6352 	 1.124 	 94.860
0.6255325 	 46.0175560 	 372855.4050 	 1.131 	 94.828
0.6262394 	 46.8944984 	 368177.0930 	 1.139 	 94.874
0.6269331 	 47.7717071 	 364093.7310 	 1.147 	 94.868
0.6276150 	 48.6569294 	 360327.1527 	 1.156 	 94.865
0.6282849 	 49.5547247 	 357739.4263 	 1.164 	 94.867
0.6289426 	 50.4960324 	 356102.1695 	 1.173 	 94.894
0.6295890 	 51.4338945 	 355227.3755 	 1.182 	 94.902
