N=100 	 R=1000000 	 s=1 	 Save [density, Z, rho_t, like/unlike, events per sweep]
0.0001356 	 1.0005163 	 1.1027 	 1.004 	 10.126
0.0132635 	 1.1625809 	 12.1861 	 0.950 	 46.814
0.0260835 	 1.1527964 	 22.8635 	 1.005 	 78.932
0.0385009 	 1.1918390 	 33.5432 	 1.014 	 88.277
0.0505217 	 1.2396629 	 44.1221 	 1.016 	 92.032
0.0621766 	 1.2921271 	 55.1412 	 1.018 	 93.763
0.0734795 	 1.3483365 	 65.6343 	 1.019 	 94.781
0.0844441 	 1.4076501 	 75.9280 	 1.020 	 95.223
0.0950851 	 1.4694685 	 85.9834 	 1.021 	 95.467
0.1054155 	 1.5337579 	 96.8052 	 1.022 	 95.639
0.1154517 	 1.6001749 	 107.3313 	 1.024 	 95.747
0.1252139 	 1.6683692 	 117.3317 	 1.025 	 95.786
0.1347171 	 1.7387217 	 126.9365 	 1.026 	 95.809
0.1439547 	 1.8102853 	 137.6173 	 1.027 	 95.883
0.1529469 	 1.8841372 	 148.0209 	 1.028 	 95.841
0.1617018 	 1.9598501 	 157.4787 	 1.029 	 95.861
0.1702354 	 2.0367937 	 167.1334 	 1.031 	 95.817
0.1785449 	 2.1158385 	 177.6612 	 1.033 	 95.821
0.1866489 	 2.1960985 	 188.9901 	 1.034 	 95.769
0.1945500 	 2.2784651 	 198.8552 	 1.034 	 95.765
0.2022608 	 2.3619971 	 211.1546 	 1.036 	 95.716
0.2097822 	 2.4471854 	 222.2103 	 1.037 	 95.726
0.2171286 	 2.5346015 	 232.4595 	 1.038 	 95.728
0.2243040 	 2.6226218 	 243.1154 	 1.040 	 95.672
0.2313114 	 2.7123529 	 254.0396 	 1.040 	 95.669
0.2381614 	 2.8043554 	 268.4650 	 1.042 	 95.659
0.2448581 	 2.8974102 	 277.4489 	 1.043 	 95.619
0.2514057 	 2.9914514 	 289.4498 	 1.044 	 95.598
0.2578040 	 3.0884914 	 297.3726 	 1.045 	 95.622
0.2640671 	 3.1859882 	 307.9414 	 1.046 	 95.588
0.2701943 	 3.2849946 	 319.4500 	 1.047 	 95.599
0.2761917 	 3.3859998 	 330.6487 	 1.049 	 95.566
0.2820649 	 3.4887033 	 339.1041 	 1.050 	 95.571
0.2878164 	 3.5919847 	 346.8810 	 1.051 	 95.521
0.2934551 	 3.6969063 	 359.5335 	 1.052 	 95.506
0.2989787 	 3.8046820 	 370.9795 	 1.053 	 95.519
0.3043938 	 3.9130074 	 380.1979 	 1.053 	 95.519
0.3096992 	 4.0230024 	 388.0501 	 1.055 	 95.491
0.3148991 	 4.1337044 	 398.6905 	 1.056 	 95.466
0.3200020 	 4.2470422 	 407.7270 	 1.056 	 95.448
0.3250109 	 4.3613688 	 419.9169 	 1.058 	 95.471
0.3299249 	 4.4775671 	 430.1666 	 1.059 	 95.469
0.3347467 	 4.5949945 	 441.2184 	 1.059 	 95.440
0.3394818 	 4.7144241 	 447.0801 	 1.061 	 95.433
0.3441247 	 4.8341864 	 458.1047 	 1.061 	 95.408
0.3486905 	 4.9564097 	 470.9764 	 1.062 	 95.413
0.3531738 	 5.0781790 	 478.7036 	 1.063 	 95.387
0.3575752 	 5.2045631 	 489.5418 	 1.065 	 95.394
0.3619013 	 5.3315913 	 501.7356 	 1.066 	 95.389
0.3661502 	 5.4579293 	 509.8347 	 1.066 	 95.359
0.3703271 	 5.5866420 	 525.7872 	 1.067 	 95.341
0.3744334 	 5.7168786 	 537.5154 	 1.068 	 95.338
0.3784710 	 5.8493049 	 547.5915 	 1.068 	 95.340
0.3824381 	 5.9811558 	 561.4334 	 1.069 	 95.311
0.3863453 	 6.1163666 	 569.3964 	 1.070 	 95.326
0.3901871 	 6.2527606 	 578.5223 	 1.071 	 95.317
0.3939664 	 6.3911564 	 587.6205 	 1.071 	 95.312
0.3976853 	 6.5288559 	 601.5291 	 1.072 	 95.287
0.4013459 	 6.6689867 	 610.2347 	 1.072 	 95.271
0.4049509 	 6.8106367 	 619.0768 	 1.073 	 95.230
0.4084965 	 6.9546039 	 629.0665 	 1.074 	 95.266
0.4119873 	 7.0999497 	 635.5907 	 1.074 	 95.258
0.4154261 	 7.2454745 	 643.1360 	 1.075 	 95.234
0.4188145 	 7.3920001 	 656.1391 	 1.076 	 95.223
0.4221495 	 7.5410028 	 664.3162 	 1.076 	 95.254
0.4254364 	 7.6904248 	 676.2472 	 1.077 	 95.203
0.4286744 	 7.8434423 	 688.1065 	 1.078 	 95.219
0.4318652 	 7.9958125 	 699.8084 	 1.078 	 95.215
0.4350110 	 8.1499496 	 706.3115 	 1.079 	 95.190
0.4381103 	 8.3063750 	 721.8276 	 1.079 	 95.174
0.4411646 	 8.4615957 	 729.9558 	 1.080 	 95.180
0.4441742 	 8.6204729 	 746.1704 	 1.079 	 95.177
0.4471408 	 8.7814538 	 759.0939 	 1.080 	 95.199
0.4500690 	 8.9408935 	 769.4194 	 1.081 	 95.181
0.4529559 	 9.1028210 	 781.7274 	 1.081 	 95.147
0.4558029 	 9.2678878 	 787.7334 	 1.082 	 95.178
0.4586110 	 9.4323143 	 797.1887 	 1.082 	 95.147
0.4613802 	 9.5984539 	 808.4071 	 1.082 	 95.137
0.4641152 	 9.7668000 	 807.6815 	 1.082 	 95.116
0.4668126 	 9.9345741 	 820.5087 	 1.082 	 95.116
0.4694729 	 10.1043712 	 830.8324 	 1.083 	 95.121
0.4720983 	 10.2757694 	 839.6791 	 1.083 	 95.104
0.4746925 	 10.4476691 	 846.6657 	 1.083 	 95.085
0.4772515 	 10.6245134 	 853.4566 	 1.084 	 95.097
0.4797782 	 10.8005213 	 859.5753 	 1.084 	 95.095
0.4822736 	 10.9777133 	 876.6422 	 1.084 	 95.072
0.4847387 	 11.1584503 	 890.9874 	 1.084 	 95.094
0.4871706 	 11.3366073 	 897.8375 	 1.084 	 95.074
0.4895740 	 11.5170806 	 901.1823 	 1.084 	 95.065
0.4919464 	 11.7015639 	 909.6999 	 1.085 	 95.093
0.4942888 	 11.8851361 	 925.5425 	 1.085 	 95.060
0.4966028 	 12.0687802 	 936.8575 	 1.085 	 95.035
0.4988909 	 12.2577696 	 950.4030 	 1.085 	 95.083
0.5011508 	 12.4433577 	 968.1680 	 1.086 	 95.034
0.5033837 	 12.6346946 	 974.3792 	 1.086 	 95.055
0.5055907 	 12.8226590 	 988.4414 	 1.087 	 95.055
0.5077733 	 13.0164164 	 996.3999 	 1.087 	 95.048
0.5099277 	 13.2106560 	 1009.5562 	 1.087 	 95.048
0.5120583 	 13.4008873 	 1023.5251 	 1.086 	 95.008
0.5141646 	 13.6005108 	 1034.2157 	 1.086 	 95.057
0.5162453 	 13.7999145 	 1044.3185 	 1.087 	 94.999
0.5183016 	 13.9954681 	 1057.2475 	 1.086 	 94.985
0.5203359 	 14.1986346 	 1074.2234 	 1.088 	 95.032
0.5223479 	 14.3980485 	 1086.7532 	 1.087 	 95.000
0.5243362 	 14.6029404 	 1102.8923 	 1.088 	 94.998
0.5263024 	 14.8070081 	 1122.7497 	 1.088 	 94.971
0.5282460 	 15.0124784 	 1141.7349 	 1.087 	 94.963
0.5301678 	 15.2185669 	 1160.8053 	 1.087 	 94.981
0.5320698 	 15.4268021 	 1166.9233 	 1.087 	 94.951
0.5339497 	 15.6428541 	 1197.1571 	 1.088 	 94.971
0.5358101 	 15.8557317 	 1210.3345 	 1.087 	 94.981
0.5376496 	 16.0719142 	 1230.5854 	 1.088 	 94.972
0.5394701 	 16.2871623 	 1245.7140 	 1.089 	 94.957
0.5412709 	 16.5002307 	 1254.8780 	 1.088 	 94.943
0.5430536 	 16.7190953 	 1277.2037 	 1.088 	 94.947
0.5448169 	 16.9322512 	 1294.1409 	 1.088 	 94.929
0.5465597 	 17.1582239 	 1309.2577 	 1.088 	 94.962
0.5482856 	 17.3786845 	 1340.7460 	 1.089 	 94.929
0.5499945 	 17.6013302 	 1361.4468 	 1.090 	 94.923
0.5516854 	 17.8333268 	 1397.2201 	 1.088 	 94.923
0.5533582 	 18.0562231 	 1424.9539 	 1.089 	 94.900
0.5550145 	 18.2890314 	 1468.4146 	 1.089 	 94.878
0.5566528 	 18.5154500 	 1533.7471 	 1.089 	 94.879
0.5582753 	 18.7485701 	 1604.5947 	 1.089 	 94.882
0.5598802 	 18.9902519 	 1693.3999 	 1.089 	 94.902
0.5614676 	 19.2286969 	 1797.1412 	 1.090 	 94.892
0.5630392 	 19.4710405 	 1941.0785 	 1.090 	 94.893
0.5645949 	 19.7078874 	 2131.5600 	 1.090 	 94.855
0.5661347 	 19.9604674 	 2400.6896 	 1.090 	 94.880
0.5676573 	 20.2090560 	 2779.0371 	 1.090 	 94.851
0.5691648 	 20.4660770 	 3269.7593 	 1.090 	 94.875
0.5706567 	 20.7240400 	 4009.7247 	 1.090 	 94.869
0.5721332 	 20.9751204 	 4835.9803 	 1.090 	 94.817
0.5735939 	 21.2518490 	 6033.0434 	 1.091 	 94.825
0.5750382 	 21.5229395 	 7352.2224 	 1.091 	 94.817
0.5764659 	 21.8131813 	 8610.1189 	 1.090 	 94.807
0.5778789 	 22.1109906 	 10113.4841 	 1.091 	 94.786
0.5792742 	 22.4177207 	 11864.4994 	 1.090 	 94.800
0.5806539 	 22.7360808 	 13568.1851 	 1.090 	 94.815
0.5820155 	 23.0473101 	 15349.1287 	 1.089 	 94.826
0.5833602 	 23.3780466 	 17297.6826 	 1.089 	 94.786
0.5846884 	 23.7128203 	 19516.9867 	 1.088 	 94.780
0.5860002 	 24.0564668 	 21306.7125 	 1.088 	 94.769
0.5872958 	 24.4116875 	 23383.6310 	 1.086 	 94.767
0.5885735 	 24.7749209 	 25662.4801 	 1.085 	 94.765
0.5898345 	 25.1512244 	 28117.1563 	 1.085 	 94.768
0.5910789 	 25.5390231 	 30935.4310 	 1.083 	 94.762
0.5923073 	 25.9181835 	 34305.7081 	 1.082 	 94.755
0.5935181 	 26.3150998 	 37801.0019 	 1.082 	 94.725
0.5947121 	 26.7233553 	 41740.6028 	 1.081 	 94.777
0.5958900 	 27.1361857 	 45811.7005 	 1.081 	 94.747
0.5970508 	 27.5644871 	 50581.6315 	 1.081 	 94.724
0.5981948 	 28.0122813 	 55414.7541 	 1.081 	 94.713
0.5993221 	 28.4667293 	 60439.3949 	 1.082 	 94.723
0.6004333 	 28.9280903 	 64143.4190 	 1.083 	 94.708
0.6015267 	 29.4168635 	 68509.6666 	 1.084 	 94.709
0.6026041 	 29.9176258 	 72185.5900 	 1.086 	 94.706
0.6036645 	 30.4108265 	 76020.1581 	 1.088 	 94.690
0.6047084 	 30.9394873 	 79536.5798 	 1.091 	 94.708
0.6057360 	 31.4723623 	 82013.1653 	 1.093 	 94.687
0.6067471 	 32.0219124 	 84410.8508 	 1.096 	 94.688
0.6077424 	 32.5820404 	 85798.3461 	 1.100 	 94.681
0.6087217 	 33.1458259 	 87278.4121 	 1.104 	 94.654
0.6096847 	 33.7327053 	 88782.1117 	 1.110 	 94.676
0.6106324 	 34.3276238 	 90701.8673 	 1.115 	 94.676
0.6115648 	 34.9323809 	 93375.3541 	 1.121 	 94.615
0.6124817 	 35.5501745 	 97818.8486 	 1.127 	 94.646
0.6133836 	 36.1707877 	 104417.0655 	 1.135 	 94.634
0.6142711 	 36.7903221 	 112417.2429 	 1.143 	 94.602
0.6151445 	 37.4356496 	 122162.0196 	 1.150 	 94.600
0.6160036 	 38.0718459 	 134686.5211 	 1.159 	 94.580
0.6168492 	 38.7381269 	 150413.7077 	 1.168 	 94.560
0.6176800 	 39.4137608 	 167780.9334 	 1.177 	 94.547
0.6184983 	 40.1000094 	 189093.6989 	 1.187 	 94.552
0.6193030 	 40.7956734 	 211765.4920 	 1.196 	 94.504
0.6200943 	 41.5180918 	 235278.8865 	 1.206 	 94.475
0.6208726 	 42.2825510 	 261103.2460 	 1.214 	 94.499
0.6216384 	 43.0298620 	 288720.5605 	 1.225 	 94.481
0.6223906 	 43.8074295 	 317335.6653 	 1.235 	 94.456
0.6231307 	 44.5995533 	 344764.6847 	 1.245 	 94.429
0.6238577 	 45.4255195 	 374838.4826 	 1.256 	 94.427
0.6245718 	 46.2544891 	 403745.7996 	 1.266 	 94.380
0.6252739 	 47.1272254 	 435509.5654 	 1.277 	 94.357
0.6259627 	 48.0105921 	 456489.3235 	 1.286 	 94.362
0.6266395 	 48.9198260 	 481887.4282 	 1.295 	 94.321
0.6273047 	 49.8477802 	 510320.7236 	 1.305 	 94.330
0.6279575 	 50.7749530 	 526601.2723 	 1.310 	 94.278
0.6285985 	 51.7605070 	 552051.1267 	 1.320 	 94.258
0.6292283 	 52.7633390 	 574173.9283 	 1.328 	 94.277
0.6298462 	 53.7439768 	 593846.7946 	 1.335 	 94.224
