N=100 	 R=1000000 	 s=1 	 Save [density, Z, rho_t, like/unlike, events per sweep]
0.0001353 	 1.0005152 	 1.1026 	 1.008 	 10.125
0.0132541 	 1.1626089 	 12.2271 	 0.950 	 46.793
0.0260799 	 1.1528136 	 22.8751 	 1.004 	 78.897
0.0384951 	 1.1918160 	 33.4210 	 1.013 	 88.213
0.0505079 	 1.2394602 	 43.9176 	 1.016 	 92.002
0.0621564 	 1.2920926 	 54.5119 	 1.018 	 93.781
0.0734553 	 1.3480859 	 64.9536 	 1.019 	 94.733
0.0844237 	 1.4074772 	 75.1141 	 1.019 	 95.223
0.0950636 	 1.4694659 	 85.4620 	 1.021 	 95.499
0.1054031 	 1.5336797 	 95.3207 	 1.022 	 95.631
0.1154460 	 1.6001759 	 106.1590 	 1.023 	 95.764
0.1252081 	 1.6682946 	 116.7306 	 1.025 	 95.791
0.1347069 	 1.7386258 	 127.4219 	 1.026 	 95.831
0.1439483 	 1.8099457 	 137.3482 	 1.027 	 95.843
0.1529391 	 1.8841940 	 148.3519 	 1.028 	 95.849
0.1616937 	 1.9595683 	 157.5076 	 1.030 	 95.837
0.1702295 	 2.0368609 	 168.1034 	 1.031 	 95.807
0.1785381 	 2.1159748 	 179.6551 	 1.033 	 95.787
0.1866453 	 2.1961092 	 189.4400 	 1.034 	 95.771
0.1945504 	 2.2784210 	 198.4576 	 1.035 	 95.745
0.2022573 	 2.3619675 	 206.6339 	 1.036 	 95.738
0.2097791 	 2.4472672 	 218.4380 	 1.038 	 95.708
0.2171241 	 2.5342943 	 227.8424 	 1.039 	 95.687
0.2242966 	 2.6226406 	 237.3297 	 1.040 	 95.680
0.2313074 	 2.7125228 	 246.7918 	 1.041 	 95.664
0.2381542 	 2.8037515 	 257.4885 	 1.042 	 95.642
0.2448470 	 2.8975537 	 268.3274 	 1.043 	 95.634
0.2513901 	 2.9918701 	 278.3613 	 1.044 	 95.609
0.2577921 	 3.0884461 	 289.6503 	 1.045 	 95.639
0.2640555 	 3.1855937 	 301.3921 	 1.047 	 95.587
0.2701862 	 3.2853894 	 311.8402 	 1.048 	 95.583
0.2761916 	 3.3865909 	 321.6498 	 1.048 	 95.577
0.2820652 	 3.4887579 	 332.9303 	 1.050 	 95.596
0.2878167 	 3.5920386 	 344.3939 	 1.051 	 95.532
0.2934493 	 3.6975005 	 357.1174 	 1.052 	 95.519
0.2989728 	 3.8047015 	 367.5490 	 1.053 	 95.536
0.3043850 	 3.9125405 	 380.0517 	 1.053 	 95.485
0.3096946 	 4.0222593 	 390.9035 	 1.054 	 95.481
0.3148957 	 4.1344774 	 401.8084 	 1.055 	 95.467
0.3199957 	 4.2471124 	 412.2039 	 1.057 	 95.489
0.3250013 	 4.3615046 	 424.9437 	 1.057 	 95.471
0.3299110 	 4.4766723 	 436.2246 	 1.059 	 95.428
0.3347306 	 4.5940229 	 450.8573 	 1.060 	 95.420
0.3394617 	 4.7129564 	 461.1157 	 1.060 	 95.426
0.3441074 	 4.8335658 	 472.9453 	 1.061 	 95.393
0.3486720 	 4.9553163 	 483.0752 	 1.063 	 95.418
0.3531538 	 5.0787181 	 491.6236 	 1.063 	 95.424
0.3575544 	 5.2034855 	 500.0745 	 1.064 	 95.384
0.3618797 	 5.3296439 	 509.2660 	 1.064 	 95.379
0.3661284 	 5.4561390 	 516.6927 	 1.066 	 95.333
0.3703069 	 5.5855317 	 527.5709 	 1.067 	 95.346
0.3744148 	 5.7167969 	 536.3475 	 1.068 	 95.343
0.3784543 	 5.8477724 	 546.8362 	 1.068 	 95.337
0.3824253 	 5.9809838 	 553.7342 	 1.070 	 95.334
0.3863325 	 6.1157781 	 569.3233 	 1.069 	 95.305
0.3901730 	 6.2515829 	 579.7484 	 1.071 	 95.286
0.3939516 	 6.3881656 	 585.2880 	 1.070 	 95.255
0.3976687 	 6.5301243 	 598.6279 	 1.072 	 95.304
0.4013286 	 6.6687612 	 609.7670 	 1.072 	 95.272
0.4049334 	 6.8102489 	 623.9338 	 1.073 	 95.265
0.4084806 	 6.9543524 	 632.1456 	 1.074 	 95.270
0.4119737 	 7.0973961 	 639.1189 	 1.075 	 95.248
0.4154131 	 7.2445889 	 649.9491 	 1.075 	 95.233
0.4187993 	 7.3906605 	 662.7979 	 1.076 	 95.233
0.4221341 	 7.5403220 	 677.1299 	 1.076 	 95.252
0.4254217 	 7.6907705 	 685.9338 	 1.077 	 95.216
0.4286575 	 7.8422944 	 693.8466 	 1.077 	 95.222
0.4318490 	 7.9947310 	 703.9613 	 1.078 	 95.203
0.4349933 	 8.1491760 	 709.5649 	 1.079 	 95.212
0.4380932 	 8.3037962 	 719.6395 	 1.079 	 95.191
0.4411462 	 8.4617417 	 723.5847 	 1.080 	 95.199
0.4441566 	 8.6197528 	 732.2688 	 1.080 	 95.180
0.4471233 	 8.7796020 	 741.3653 	 1.080 	 95.191
0.4500503 	 8.9403553 	 757.4707 	 1.081 	 95.179
0.4529368 	 9.1014965 	 763.2398 	 1.081 	 95.138
0.4557838 	 9.2667291 	 777.7471 	 1.081 	 95.149
0.4585941 	 9.4316139 	 788.3807 	 1.083 	 95.152
0.4613657 	 9.5958630 	 799.9481 	 1.083 	 95.107
0.4640980 	 9.7671618 	 808.5816 	 1.083 	 95.156
0.4667949 	 9.9339982 	 816.3068 	 1.083 	 95.128
0.4694556 	 10.1033696 	 826.4614 	 1.083 	 95.121
0.4720808 	 10.2756625 	 826.4969 	 1.084 	 95.107
0.4746755 	 10.4484523 	 831.1047 	 1.084 	 95.104
0.4772326 	 10.6218349 	 838.5259 	 1.084 	 95.097
0.4797609 	 10.7996929 	 845.8588 	 1.084 	 95.115
0.4822571 	 10.9774322 	 864.5028 	 1.085 	 95.095
0.4847216 	 11.1531630 	 872.5127 	 1.084 	 95.075
0.4871564 	 11.3338022 	 879.0745 	 1.085 	 95.081
0.4895595 	 11.5118281 	 890.3650 	 1.086 	 95.067
0.4919313 	 11.6987985 	 897.2526 	 1.085 	 95.061
0.4942770 	 11.8826872 	 906.6338 	 1.086 	 95.054
0.4965917 	 12.0660197 	 924.5390 	 1.086 	 95.052
0.4988798 	 12.2529270 	 934.4476 	 1.087 	 95.061
0.5011389 	 12.4475820 	 942.0332 	 1.088 	 95.078
0.5033703 	 12.6281000 	 954.9492 	 1.088 	 95.036
0.5055781 	 12.8212472 	 965.0340 	 1.088 	 95.051
0.5077586 	 13.0116514 	 977.7045 	 1.088 	 95.012
0.5099130 	 13.2080183 	 988.6710 	 1.088 	 95.040
0.5120440 	 13.4012544 	 1001.4648 	 1.088 	 95.005
0.5141499 	 13.5991299 	 1008.9651 	 1.087 	 95.018
0.5162311 	 13.7959941 	 1020.5663 	 1.088 	 95.014
0.5182885 	 13.9944610 	 1025.7986 	 1.088 	 94.994
0.5203225 	 14.1947383 	 1037.4444 	 1.087 	 94.991
0.5223338 	 14.3962035 	 1042.3327 	 1.087 	 94.992
0.5243230 	 14.6043820 	 1050.8873 	 1.087 	 94.993
0.5262886 	 14.8086371 	 1061.7242 	 1.088 	 94.982
0.5282339 	 15.0112239 	 1074.3434 	 1.088 	 94.994
0.5301570 	 15.2225225 	 1094.8938 	 1.087 	 94.989
0.5320590 	 15.4271781 	 1106.8870 	 1.087 	 94.973
0.5339393 	 15.6393123 	 1119.3022 	 1.086 	 94.937
0.5358004 	 15.8529324 	 1126.1686 	 1.087 	 94.969
0.5376410 	 16.0639787 	 1137.5287 	 1.086 	 94.950
0.5394629 	 16.2774978 	 1149.5964 	 1.087 	 94.959
0.5412652 	 16.4966665 	 1171.5857 	 1.086 	 94.961
0.5430463 	 16.7153704 	 1187.1432 	 1.086 	 94.950
0.5448081 	 16.9363072 	 1211.4647 	 1.086 	 94.928
0.5465529 	 17.1548682 	 1239.2969 	 1.086 	 94.922
0.5482805 	 17.3811278 	 1264.3199 	 1.085 	 94.947
0.5499879 	 17.6087016 	 1282.2943 	 1.085 	 94.910
0.5516783 	 17.8248380 	 1325.3567 	 1.085 	 94.892
0.5533519 	 18.0562338 	 1361.5165 	 1.086 	 94.916
0.5550080 	 18.2887334 	 1405.8936 	 1.086 	 94.902
0.5566476 	 18.5169326 	 1463.8577 	 1.085 	 94.923
0.5582673 	 18.7456744 	 1527.9063 	 1.084 	 94.895
0.5598740 	 18.9793176 	 1607.0820 	 1.084 	 94.903
0.5614615 	 19.2184655 	 1697.7973 	 1.084 	 94.875
0.5630329 	 19.4607653 	 1823.8667 	 1.083 	 94.868
0.5645890 	 19.7152338 	 1963.6189 	 1.083 	 94.900
0.5661278 	 19.9543897 	 2151.6410 	 1.082 	 94.882
0.5676515 	 20.2049961 	 2373.1717 	 1.082 	 94.873
0.5691603 	 20.4581946 	 2664.7557 	 1.081 	 94.881
0.5706510 	 20.7199508 	 3044.5453 	 1.080 	 94.860
0.5721267 	 20.9877726 	 3480.9917 	 1.080 	 94.886
0.5735863 	 21.2466167 	 4078.4685 	 1.080 	 94.862
0.5750310 	 21.5262173 	 4782.5983 	 1.079 	 94.875
0.5764599 	 21.8113115 	 5626.9396 	 1.078 	 94.871
0.5778738 	 22.0928679 	 6731.1619 	 1.077 	 94.874
0.5792710 	 22.3801302 	 8181.8733 	 1.075 	 94.876
0.5806527 	 22.6831529 	 9879.6720 	 1.074 	 94.872
0.5820178 	 22.9887621 	 12076.1491 	 1.072 	 94.837
0.5833674 	 23.3092703 	 14811.0296 	 1.070 	 94.873
0.5847001 	 23.6335213 	 18421.1545 	 1.069 	 94.877
0.5860170 	 23.9688198 	 22528.3314 	 1.066 	 94.904
0.5873159 	 24.3150912 	 27221.1622 	 1.064 	 94.919
0.5886001 	 24.6768965 	 33857.4387 	 1.062 	 94.915
0.5898669 	 25.0398360 	 40716.6151 	 1.059 	 94.915
0.5911168 	 25.4202449 	 48507.2836 	 1.057 	 94.917
0.5923501 	 25.8103217 	 57669.0246 	 1.054 	 94.891
0.5935655 	 26.2071152 	 68287.5073 	 1.052 	 94.919
0.5947650 	 26.6107690 	 79023.4567 	 1.050 	 94.899
0.5959470 	 27.0427415 	 90031.2302 	 1.046 	 94.922
0.5971123 	 27.4822375 	 101908.5523 	 1.044 	 94.939
0.5982598 	 27.9271920 	 113690.7853 	 1.041 	 94.920
0.5993899 	 28.3905370 	 124285.6234 	 1.039 	 94.947
0.6005032 	 28.8593191 	 134410.9758 	 1.038 	 94.919
0.6016002 	 29.3356900 	 142637.6072 	 1.036 	 94.922
0.6026804 	 29.8107594 	 151003.5275 	 1.035 	 94.851
0.6037445 	 30.3162126 	 159351.0738 	 1.034 	 94.890
0.6047928 	 30.8168359 	 164695.6207 	 1.034 	 94.863
0.6058256 	 31.3165765 	 169375.6140 	 1.035 	 94.858
0.6068422 	 31.8260436 	 174959.1999 	 1.037 	 94.834
0.6078452 	 32.3297223 	 181669.6533 	 1.039 	 94.828
0.6088343 	 32.8327388 	 189843.9493 	 1.041 	 94.755
0.6098076 	 33.3318499 	 203801.2268 	 1.044 	 94.728
0.6107684 	 33.8501425 	 220446.1989 	 1.047 	 94.675
0.6117148 	 34.3785483 	 239841.3998 	 1.052 	 94.650
0.6126486 	 34.9041061 	 263799.6197 	 1.056 	 94.629
0.6135688 	 35.4533636 	 287985.5898 	 1.060 	 94.613
0.6144751 	 36.0145054 	 312234.8070 	 1.065 	 94.563
0.6153684 	 36.5848568 	 335895.4861 	 1.070 	 94.530
0.6162486 	 37.1970202 	 356849.0461 	 1.073 	 94.521
0.6171154 	 37.8087336 	 375647.3419 	 1.077 	 94.472
0.6179685 	 38.4613175 	 390803.0269 	 1.081 	 94.450
0.6188079 	 39.1383261 	 404762.3974 	 1.086 	 94.410
0.6196326 	 39.8323941 	 414746.0277 	 1.090 	 94.429
0.6204435 	 40.5591199 	 424593.1929 	 1.093 	 94.385
0.6212409 	 41.3050831 	 434760.7890 	 1.097 	 94.367
0.6220245 	 42.0833696 	 444684.3044 	 1.100 	 94.375
0.6227942 	 42.8754753 	 454836.1128 	 1.105 	 94.372
0.6235503 	 43.6931632 	 465781.6949 	 1.109 	 94.367
0.6242929 	 44.5255826 	 476144.4288 	 1.112 	 94.361
0.6250217 	 45.3923987 	 489268.3299 	 1.117 	 94.353
0.6257377 	 46.2586646 	 500883.7187 	 1.120 	 94.330
0.6264404 	 47.1756702 	 513846.6869 	 1.125 	 94.331
0.6271300 	 48.1206523 	 527140.3531 	 1.129 	 94.335
0.6278061 	 49.0547060 	 538707.1739 	 1.134 	 94.304
0.6284700 	 50.0351911 	 549810.1530 	 1.138 	 94.284
0.6291213 	 51.0177661 	 564246.6586 	 1.143 	 94.267
0.6297600 	 52.0694041 	 575743.1878 	 1.147 	 94.260
