N=60 	 R=1000000 	 s=1 	 Save [density, Z, rho_t, like/unlike, events per sweep]
0.0002265 	 1.0008569 	 1.1027 	 0.984 	 7.113
0.0220717 	 1.1831185 	 12.0137 	 0.960 	 35.158
0.0428731 	 1.2260273 	 22.6121 	 0.998 	 47.986
0.0625855 	 1.3036176 	 32.9842 	 1.006 	 51.555
0.0812958 	 1.3962443 	 43.2703 	 1.009 	 52.660
0.0990906 	 1.4965905 	 53.6605 	 1.009 	 53.138
0.1160465 	 1.6042941 	 63.9694 	 1.011 	 53.348
0.1322190 	 1.7184052 	 74.5419 	 1.013 	 53.470
0.1476600 	 1.8362543 	 84.9812 	 1.014 	 53.580
0.1624142 	 1.9617381 	 95.0850 	 1.017 	 53.561
0.1765406 	 2.0915113 	 107.3555 	 1.019 	 53.533
0.1900730 	 2.2267676 	 117.9249 	 1.021 	 53.534
0.2030498 	 2.3651761 	 128.6457 	 1.023 	 53.490
0.2155139 	 2.5089445 	 139.6485 	 1.025 	 53.493
0.2274850 	 2.6573638 	 150.1699 	 1.027 	 53.500
0.2390043 	 2.8093833 	 161.3849 	 1.029 	 53.471
0.2500852 	 2.9656792 	 171.5734 	 1.031 	 53.441
0.2607609 	 3.1276674 	 182.4383 	 1.033 	 53.458
0.2710631 	 3.2916147 	 192.3554 	 1.036 	 53.422
0.2809890 	 3.4609280 	 202.0655 	 1.037 	 53.404
0.2905875 	 3.6344050 	 212.7724 	 1.039 	 53.386
0.2998562 	 3.8120738 	 223.4846 	 1.041 	 53.369
0.3088242 	 3.9937671 	 233.1200 	 1.043 	 53.371
0.3174996 	 4.1799717 	 242.8718 	 1.044 	 53.351
0.3259043 	 4.3693750 	 254.9386 	 1.046 	 53.344
0.3340483 	 4.5634448 	 265.8173 	 1.048 	 53.328
0.3419351 	 4.7619762 	 274.4704 	 1.051 	 53.315
0.3495896 	 4.9632573 	 284.2116 	 1.053 	 53.291
0.3570200 	 5.1709847 	 294.2318 	 1.055 	 53.298
0.3642358 	 5.3806485 	 302.7263 	 1.056 	 53.279
0.3712477 	 5.5930464 	 313.2082 	 1.058 	 53.240
0.3780612 	 5.8125754 	 323.5731 	 1.060 	 53.249
0.3846843 	 6.0334926 	 333.1784 	 1.061 	 53.227
0.3911343 	 6.2590326 	 344.8528 	 1.063 	 53.207
0.3974009 	 6.4910356 	 355.1566 	 1.065 	 53.223
0.4035059 	 6.7235367 	 367.6329 	 1.067 	 53.179
0.4094511 	 6.9620940 	 376.5265 	 1.069 	 53.175
0.4152415 	 7.2033774 	 387.0018 	 1.070 	 53.165
0.4208972 	 7.4476840 	 400.6329 	 1.071 	 53.148
0.4264058 	 7.6982521 	 409.6172 	 1.074 	 53.151
0.4317842 	 7.9503581 	 419.7657 	 1.075 	 53.099
0.4370303 	 8.2106094 	 427.4421 	 1.076 	 53.151
0.4421488 	 8.4686278 	 440.2263 	 1.078 	 53.090
0.4471515 	 8.7348932 	 452.1208 	 1.077 	 53.106
0.4520329 	 9.0023004 	 458.5874 	 1.080 	 53.080
0.4568094 	 9.2733154 	 465.4668 	 1.080 	 53.061
0.4614745 	 9.5511878 	 478.8730 	 1.081 	 53.027
0.4660398 	 9.8303446 	 488.6551 	 1.082 	 53.048
0.4705050 	 10.1126426 	 500.9644 	 1.084 	 53.016
0.4748723 	 10.4021611 	 513.2224 	 1.085 	 53.028
0.4791412 	 10.6926346 	 526.1691 	 1.086 	 52.994
0.4833217 	 10.9867376 	 537.7704 	 1.086 	 53.004
0.4874155 	 11.2853164 	 547.3149 	 1.088 	 52.991
0.4914267 	 11.5889081 	 557.2471 	 1.088 	 52.973
0.4953545 	 11.8917823 	 567.9255 	 1.089 	 52.961
0.4992030 	 12.2015195 	 578.2638 	 1.089 	 52.956
0.5029775 	 12.5149812 	 589.4138 	 1.090 	 52.948
0.5066758 	 12.8345173 	 600.9989 	 1.090 	 52.949
0.5103014 	 13.1550449 	 611.3691 	 1.090 	 52.914
0.5138568 	 13.4802283 	 618.2898 	 1.090 	 52.919
0.5173438 	 13.8143295 	 628.4953 	 1.091 	 52.902
0.5207653 	 14.1436441 	 642.8517 	 1.091 	 52.892
0.5241229 	 14.4824854 	 652.6853 	 1.092 	 52.887
0.5274144 	 14.8226582 	 664.7392 	 1.093 	 52.878
0.5306471 	 15.1676172 	 679.5605 	 1.092 	 52.881
0.5338214 	 15.5172810 	 699.3444 	 1.093 	 52.880
0.5369360 	 15.8733503 	 719.0760 	 1.092 	 52.854
0.5399947 	 16.2315483 	 738.1128 	 1.091 	 52.844
0.5429992 	 16.5870279 	 763.0412 	 1.091 	 52.860
0.5459508 	 16.9543472 	 789.3042 	 1.089 	 52.841
0.5488511 	 17.3290697 	 816.3985 	 1.089 	 52.827
0.5517010 	 17.6934456 	 858.9347 	 1.088 	 52.819
0.5545016 	 18.0721559 	 916.0564 	 1.088 	 52.805
0.5572525 	 18.4550439 	 996.4915 	 1.086 	 52.809
0.5599589 	 18.8426674 	 1127.6245 	 1.085 	 52.811
0.5626184 	 19.2346657 	 1318.7101 	 1.085 	 52.802
0.5652328 	 19.6315362 	 1609.1329 	 1.084 	 52.791
0.5678049 	 20.0432214 	 2056.3058 	 1.083 	 52.781
0.5703334 	 20.4696832 	 2723.9298 	 1.084 	 52.783
0.5728184 	 20.9053683 	 3666.5326 	 1.084 	 52.798
0.5752579 	 21.3412361 	 5045.2305 	 1.083 	 52.766
0.5776513 	 21.7905143 	 6898.3976 	 1.085 	 52.748
0.5800028 	 22.2793712 	 9173.5959 	 1.086 	 52.757
0.5823131 	 22.7670105 	 12129.8481 	 1.088 	 52.717
0.5845766 	 23.3020776 	 15703.3402 	 1.091 	 52.731
0.5867960 	 23.8382413 	 20584.6655 	 1.093 	 52.728
0.5889705 	 24.3981741 	 26820.3304 	 1.096 	 52.704
0.5911004 	 24.9694517 	 36129.5559 	 1.100 	 52.677
0.5931868 	 25.5701396 	 47825.7971 	 1.105 	 52.656
0.5952306 	 26.1858921 	 62893.1370 	 1.109 	 52.636
0.5972270 	 26.8455140 	 81121.7296 	 1.116 	 52.613
0.5991802 	 27.5265863 	 102520.4375 	 1.122 	 52.573
0.6010892 	 28.2429410 	 127345.5156 	 1.127 	 52.530
0.6029519 	 29.0073765 	 153018.3651 	 1.133 	 52.480
0.6047701 	 29.8204756 	 179618.5383 	 1.139 	 52.437
0.6065406 	 30.6598234 	 206223.4481 	 1.143 	 52.411
0.6082663 	 31.5625838 	 229737.1794 	 1.147 	 52.377
0.6099456 	 32.5110718 	 253300.7065 	 1.147 	 52.376
0.6115776 	 33.4966823 	 278192.7280 	 1.148 	 52.332
0.6131645 	 34.5191583 	 304230.2518 	 1.146 	 52.283
0.6147064 	 35.6040815 	 332365.4706 	 1.141 	 52.298
0.6162032 	 36.7344820 	 365450.2543 	 1.135 	 52.283
0.6176560 	 37.9258730 	 402813.5934 	 1.129 	 52.285
0.6190647 	 39.1411535 	 440689.2514 	 1.122 	 52.284
0.6204301 	 40.4291106 	 478139.3217 	 1.116 	 52.300
0.6217552 	 41.7506095 	 515452.7437 	 1.108 	 52.327
0.6230395 	 43.1310234 	 548315.9438 	 1.101 	 52.306
0.6242849 	 44.5704401 	 572512.1612 	 1.096 	 52.321
0.6254906 	 46.0345274 	 585133.3195 	 1.091 	 52.334
0.6266599 	 47.5535235 	 584045.3103 	 1.088 	 52.349
0.6277930 	 49.1314169 	 570434.8715 	 1.087 	 52.390
0.6288909 	 50.7106667 	 540122.6277 	 1.089 	 52.400
0.6299556 	 52.3309030 	 503342.9407 	 1.091 	 52.431
