N=60 	 R=1000000 	 s=1 	 Save [density, Z, rho_t, like/unlike, events per sweep]
0.0002260 	 1.0008492 	 1.1027 	 0.994 	 7.112
0.0220697 	 1.1832434 	 11.9915 	 0.961 	 35.152
0.0428602 	 1.2260466 	 22.6212 	 0.998 	 47.980
0.0626014 	 1.3037600 	 33.1459 	 1.006 	 51.577
0.0813083 	 1.3961699 	 43.4523 	 1.008 	 52.648
0.0991113 	 1.4967574 	 54.3495 	 1.010 	 53.127
0.1160667 	 1.6044351 	 65.0222 	 1.011 	 53.358
0.1322222 	 1.7181189 	 75.6152 	 1.013 	 53.470
0.1476695 	 1.8362367 	 85.8467 	 1.014 	 53.592
0.1624313 	 1.9621075 	 96.2073 	 1.017 	 53.559
0.1765584 	 2.0922539 	 107.7249 	 1.019 	 53.545
0.1900915 	 2.2269544 	 118.6485 	 1.021 	 53.531
0.2030714 	 2.3657447 	 129.3871 	 1.022 	 53.523
0.2155287 	 2.5093066 	 139.8939 	 1.024 	 53.493
0.2275039 	 2.6569302 	 150.3862 	 1.027 	 53.488
0.2390178 	 2.8096796 	 160.9862 	 1.029 	 53.474
0.2500964 	 2.9663408 	 172.0831 	 1.031 	 53.455
0.2607775 	 3.1271816 	 182.4732 	 1.033 	 53.438
0.2710779 	 3.2917184 	 193.1427 	 1.034 	 53.396
0.2810132 	 3.4619095 	 204.5331 	 1.037 	 53.419
0.2906114 	 3.6356127 	 214.5930 	 1.038 	 53.386
0.2998860 	 3.8121627 	 225.8820 	 1.040 	 53.375
0.3088460 	 3.9938033 	 236.9175 	 1.042 	 53.389
0.3175302 	 4.1802789 	 248.0644 	 1.044 	 53.352
0.3259243 	 4.3694430 	 257.5102 	 1.047 	 53.343
0.3340623 	 4.5637633 	 267.8526 	 1.048 	 53.295
0.3419543 	 4.7631267 	 277.4966 	 1.050 	 53.324
0.3496061 	 4.9649516 	 288.3333 	 1.052 	 53.318
0.3570365 	 5.1686990 	 296.4140 	 1.053 	 53.272
0.3642535 	 5.3818989 	 303.8322 	 1.057 	 53.299
0.3712579 	 5.5945764 	 313.6753 	 1.057 	 53.280
0.3780717 	 5.8116711 	 324.1496 	 1.059 	 53.247
0.3846948 	 6.0353603 	 334.5149 	 1.062 	 53.253
0.3911425 	 6.2615591 	 343.8833 	 1.064 	 53.210
0.3974150 	 6.4914367 	 352.7907 	 1.065 	 53.222
0.4035218 	 6.7253335 	 363.2918 	 1.067 	 53.205
0.4094662 	 6.9626552 	 373.4750 	 1.068 	 53.179
0.4152585 	 7.2030407 	 384.7409 	 1.070 	 53.160
0.4209100 	 7.4497124 	 392.8897 	 1.072 	 53.163
0.4264164 	 7.6998647 	 400.5820 	 1.073 	 53.158
0.4317895 	 7.9530785 	 410.6120 	 1.075 	 53.110
0.4370341 	 8.2108649 	 419.3645 	 1.076 	 53.102
0.4421567 	 8.4715288 	 430.3876 	 1.077 	 53.104
0.4471573 	 8.7352034 	 438.9962 	 1.078 	 53.082
0.4520429 	 9.0016549 	 452.1060 	 1.080 	 53.075
0.4568187 	 9.2753984 	 463.8363 	 1.081 	 53.058
0.4614839 	 9.5517087 	 473.5077 	 1.081 	 53.062
0.4660491 	 9.8294678 	 483.0568 	 1.082 	 53.038
0.4705089 	 10.1115512 	 493.3180 	 1.083 	 53.013
0.4748759 	 10.3982581 	 504.3023 	 1.085 	 53.010
0.4791484 	 10.6905561 	 515.1899 	 1.086 	 53.001
0.4833322 	 10.9851198 	 529.5252 	 1.086 	 52.996
0.4874264 	 11.2835499 	 538.6141 	 1.087 	 52.986
0.4914367 	 11.5866945 	 549.5897 	 1.088 	 52.972
0.4953656 	 11.8892557 	 560.5769 	 1.088 	 52.953
0.4992125 	 12.2057656 	 573.2918 	 1.089 	 52.942
0.5029829 	 12.5188164 	 584.0560 	 1.089 	 52.948
0.5066819 	 12.8316855 	 592.5695 	 1.089 	 52.945
0.5103067 	 13.1599353 	 602.3461 	 1.089 	 52.937
0.5138591 	 13.4831030 	 608.9711 	 1.090 	 52.914
0.5173459 	 13.8089290 	 612.1166 	 1.090 	 52.906
0.5207654 	 14.1392078 	 622.3457 	 1.090 	 52.890
0.5241205 	 14.4784595 	 639.2457 	 1.091 	 52.873
0.5274129 	 14.8198427 	 659.3681 	 1.091 	 52.875
0.5306463 	 15.1703706 	 671.5530 	 1.091 	 52.882
0.5338174 	 15.5104465 	 686.5548 	 1.091 	 52.846
0.5369330 	 15.8592716 	 704.0444 	 1.090 	 52.847
0.5399922 	 16.2239411 	 723.7999 	 1.089 	 52.847
0.5429990 	 16.5823572 	 751.3009 	 1.088 	 52.843
0.5459509 	 16.9561718 	 781.3244 	 1.088 	 52.837
0.5488511 	 17.3116290 	 817.0509 	 1.086 	 52.822
0.5517016 	 17.6819546 	 869.4846 	 1.086 	 52.818
0.5545039 	 18.0707334 	 942.3060 	 1.085 	 52.826
0.5572569 	 18.4597661 	 1034.9926 	 1.085 	 52.832
0.5599631 	 18.8428008 	 1199.7496 	 1.083 	 52.804
0.5626228 	 19.2424311 	 1440.8552 	 1.082 	 52.815
0.5652397 	 19.6307521 	 1825.9136 	 1.080 	 52.796
0.5678118 	 20.0250217 	 2496.0152 	 1.077 	 52.789
0.5703407 	 20.4334614 	 3588.5615 	 1.075 	 52.769
0.5728263 	 20.8626745 	 5513.8808 	 1.072 	 52.793
0.5752724 	 21.2791634 	 8959.0025 	 1.068 	 52.785
0.5776775 	 21.7166600 	 14418.3869 	 1.064 	 52.777
0.5800415 	 22.1641684 	 23059.7040 	 1.059 	 52.780
0.5823640 	 22.6253818 	 35784.5854 	 1.054 	 52.769
0.5846461 	 23.1022374 	 54796.5301 	 1.050 	 52.786
0.5868877 	 23.5928881 	 79004.3871 	 1.044 	 52.772
0.5890858 	 24.1224338 	 108300.0244 	 1.040 	 52.795
0.5912437 	 24.6662432 	 141862.1482 	 1.038 	 52.778
0.5933573 	 25.2530265 	 177409.3204 	 1.036 	 52.786
0.5954281 	 25.8486405 	 217123.3448 	 1.037 	 52.776
0.5974528 	 26.4976911 	 256401.4434 	 1.038 	 52.779
0.5994331 	 27.1876951 	 295632.3836 	 1.044 	 52.771
0.6013676 	 27.9012576 	 340576.8921 	 1.050 	 52.796
0.6032541 	 28.6497306 	 391350.2638 	 1.057 	 52.811
0.6050977 	 29.4394102 	 447232.3521 	 1.066 	 52.830
0.6068943 	 30.2560501 	 508058.8298 	 1.076 	 52.816
0.6086453 	 31.1093702 	 574033.8533 	 1.086 	 52.854
0.6103505 	 32.0136231 	 639978.2623 	 1.096 	 52.856
0.6120101 	 32.9456753 	 704312.8006 	 1.105 	 52.853
0.6136264 	 33.9375265 	 766741.4818 	 1.114 	 52.874
0.6151987 	 34.9713779 	 816988.8902 	 1.122 	 52.856
0.6167239 	 36.0787573 	 858930.5618 	 1.130 	 52.882
0.6182045 	 37.2180980 	 895195.6475 	 1.136 	 52.857
0.6196419 	 38.4241406 	 924819.9533 	 1.142 	 52.855
0.6210364 	 39.6513450 	 946077.4709 	 1.147 	 52.849
0.6223874 	 40.9791415 	 961796.5792 	 1.152 	 52.858
0.6236974 	 42.3408923 	 973519.0595 	 1.156 	 52.829
0.6249661 	 43.7679995 	 981321.9963 	 1.160 	 52.803
0.6261956 	 45.2516259 	 986909.1268 	 1.163 	 52.799
0.6273855 	 46.7736788 	 990656.0448 	 1.167 	 52.774
0.6285374 	 48.3805952 	 992692.4429 	 1.170 	 52.775
0.6296523 	 50.0438248 	 994173.3025 	 1.173 	 52.761
