N=60 	 R=1000000 	 s=1 	 Save [density, Z, rho_t, like/unlike, events per sweep]
0.0002254 	 1.0008516 	 1.1027 	 0.993 	 7.112
0.0220640 	 1.1832793 	 12.0355 	 0.960 	 35.155
0.0428524 	 1.2259549 	 22.5484 	 0.998 	 47.988
0.0625907 	 1.3036849 	 32.8779 	 1.007 	 51.565
0.0812921 	 1.3960590 	 43.6292 	 1.008 	 52.649
0.0990924 	 1.4967730 	 53.7515 	 1.010 	 53.146
0.1160488 	 1.6043002 	 64.6032 	 1.011 	 53.342
0.1322009 	 1.7182817 	 74.7406 	 1.014 	 53.470
0.1476494 	 1.8365083 	 85.4817 	 1.014 	 53.587
0.1624125 	 1.9622588 	 95.6043 	 1.016 	 53.586
0.1765406 	 2.0917081 	 105.3181 	 1.019 	 53.549
0.1900676 	 2.2267874 	 115.7100 	 1.021 	 53.532
0.2030489 	 2.3652930 	 125.9968 	 1.023 	 53.513
0.2155165 	 2.5091838 	 137.0300 	 1.025 	 53.480
0.2274981 	 2.6569370 	 147.1562 	 1.027 	 53.466
0.2390044 	 2.8093879 	 156.9179 	 1.029 	 53.450
0.2500896 	 2.9656700 	 166.8068 	 1.031 	 53.446
0.2607662 	 3.1266002 	 177.1069 	 1.034 	 53.437
0.2710612 	 3.2924602 	 186.7947 	 1.035 	 53.431
0.2809936 	 3.4611082 	 197.1130 	 1.037 	 53.397
0.2905889 	 3.6354928 	 208.7484 	 1.039 	 53.415
0.2998613 	 3.8127168 	 218.0015 	 1.040 	 53.392
0.3088361 	 3.9933664 	 225.3941 	 1.042 	 53.359
0.3175147 	 4.1804079 	 236.4683 	 1.045 	 53.370
0.3259174 	 4.3694688 	 246.7480 	 1.046 	 53.339
0.3340594 	 4.5631425 	 255.6344 	 1.048 	 53.308
0.3419480 	 4.7639476 	 265.0207 	 1.050 	 53.336
0.3496057 	 4.9635345 	 274.3783 	 1.052 	 53.297
0.3570318 	 5.1711039 	 284.3094 	 1.054 	 53.296
0.3642440 	 5.3807815 	 295.1177 	 1.056 	 53.275
0.3712596 	 5.5955372 	 305.0325 	 1.058 	 53.264
0.3780725 	 5.8138114 	 317.2844 	 1.060 	 53.256
0.3846938 	 6.0350900 	 329.7159 	 1.061 	 53.252
0.3911391 	 6.2608463 	 342.3153 	 1.063 	 53.221
0.3974105 	 6.4897974 	 351.9755 	 1.064 	 53.227
0.4035166 	 6.7235096 	 363.7431 	 1.067 	 53.178
0.4094650 	 6.9641707 	 375.6186 	 1.069 	 53.196
0.4152596 	 7.2039014 	 384.3427 	 1.070 	 53.161
0.4209135 	 7.4481623 	 394.5955 	 1.070 	 53.146
0.4264241 	 7.6991437 	 408.5354 	 1.073 	 53.143
0.4317993 	 7.9518860 	 419.7165 	 1.074 	 53.113
0.4370428 	 8.2073897 	 432.9975 	 1.075 	 53.112
0.4421596 	 8.4705909 	 441.9328 	 1.076 	 53.103
0.4471587 	 8.7372616 	 451.1506 	 1.078 	 53.090
0.4520435 	 9.0006085 	 461.9066 	 1.080 	 53.067
0.4568198 	 9.2718627 	 474.7804 	 1.080 	 53.052
0.4614878 	 9.5532554 	 485.7762 	 1.082 	 53.060
0.4660486 	 9.8320164 	 494.5771 	 1.083 	 53.038
0.4705112 	 10.1141521 	 501.7097 	 1.083 	 53.048
0.4748791 	 10.3993390 	 511.8211 	 1.084 	 53.029
0.4791497 	 10.6940938 	 525.4297 	 1.084 	 53.017
0.4833302 	 10.9860692 	 533.5921 	 1.086 	 52.989
0.4874229 	 11.2863594 	 545.8808 	 1.088 	 52.993
0.4914304 	 11.5906210 	 557.2143 	 1.088 	 52.983
0.4953563 	 11.8915629 	 569.6818 	 1.087 	 52.949
0.4992038 	 12.2073947 	 580.8738 	 1.088 	 52.959
0.5029732 	 12.5201774 	 597.1860 	 1.089 	 52.954
0.5066680 	 12.8315816 	 606.3630 	 1.089 	 52.935
0.5102913 	 13.1585750 	 620.7332 	 1.089 	 52.932
0.5138478 	 13.4752943 	 636.7000 	 1.090 	 52.907
0.5173361 	 13.8055464 	 645.7510 	 1.090 	 52.899
0.5207536 	 14.1366171 	 661.6849 	 1.090 	 52.889
0.5241073 	 14.4782395 	 670.0366 	 1.090 	 52.875
0.5274009 	 14.8161884 	 680.2365 	 1.092 	 52.863
0.5306350 	 15.1661198 	 691.7009 	 1.092 	 52.883
0.5338095 	 15.5195917 	 701.1419 	 1.091 	 52.870
0.5369235 	 15.8663423 	 722.8954 	 1.091 	 52.846
0.5399817 	 16.2280179 	 745.7146 	 1.091 	 52.853
0.5429862 	 16.5881750 	 772.0490 	 1.089 	 52.827
0.5459362 	 16.9552471 	 807.3877 	 1.089 	 52.840
0.5488373 	 17.3172529 	 848.8159 	 1.089 	 52.829
0.5516887 	 17.6966421 	 897.7831 	 1.087 	 52.818
0.5544910 	 18.0695909 	 959.6868 	 1.086 	 52.802
0.5572448 	 18.4487021 	 1041.0220 	 1.086 	 52.805
0.5599504 	 18.8333720 	 1165.3031 	 1.084 	 52.799
0.5626099 	 19.2393541 	 1334.6931 	 1.082 	 52.798
0.5652250 	 19.6433931 	 1585.4753 	 1.081 	 52.799
0.5677960 	 20.0524701 	 1957.5205 	 1.078 	 52.777
0.5703225 	 20.4876866 	 2450.9703 	 1.076 	 52.802
0.5728034 	 20.9097271 	 3129.7338 	 1.072 	 52.764
0.5752396 	 21.3736120 	 3994.3336 	 1.068 	 52.781
0.5776293 	 21.8442570 	 5097.6505 	 1.064 	 52.781
0.5799756 	 22.3592882 	 6604.1161 	 1.059 	 52.796
0.5822763 	 22.8572198 	 8517.4475 	 1.054 	 52.766
0.5845302 	 23.4008492 	 10879.4980 	 1.049 	 52.774
0.5867373 	 23.9724470 	 13738.9569 	 1.044 	 52.777
0.5888977 	 24.5643918 	 17010.3119 	 1.039 	 52.774
0.5910108 	 25.1843483 	 20740.9210 	 1.035 	 52.778
0.5930758 	 25.8388949 	 24744.5291 	 1.030 	 52.772
0.5950951 	 26.5171367 	 29092.2434 	 1.026 	 52.785
0.5970633 	 27.2367110 	 33939.1339 	 1.023 	 52.808
0.5989838 	 27.9674063 	 39099.1565 	 1.023 	 52.809
0.6008602 	 28.7114095 	 45760.5079 	 1.021 	 52.816
0.6026902 	 29.4881182 	 55007.3638 	 1.023 	 52.862
0.6044791 	 30.2461979 	 70281.2332 	 1.024 	 52.879
0.6062255 	 31.0056384 	 95528.4063 	 1.028 	 52.917
0.6079330 	 31.7451129 	 139752.3818 	 1.035 	 52.998
0.6096055 	 32.4792095 	 205039.6256 	 1.045 	 53.097
0.6112453 	 33.1832264 	 299696.0460 	 1.057 	 53.153
0.6128537 	 33.9130384 	 418431.5029 	 1.071 	 53.277
0.6144306 	 34.6531134 	 548801.8964 	 1.085 	 53.346
0.6159737 	 35.5122335 	 668533.8779 	 1.100 	 53.425
0.6174819 	 36.4411213 	 767870.8100 	 1.113 	 53.462
0.6189519 	 37.4818934 	 839686.1686 	 1.124 	 53.513
0.6203816 	 38.5979749 	 890474.6772 	 1.135 	 53.536
0.6217710 	 39.8109372 	 923034.3466 	 1.144 	 53.528
0.6231192 	 41.1090579 	 942606.8137 	 1.153 	 53.552
0.6244279 	 42.4773614 	 955942.8298 	 1.161 	 53.530
0.6256954 	 43.9024435 	 964129.6832 	 1.168 	 53.520
0.6269230 	 45.4017751 	 970430.0951 	 1.176 	 53.519
0.6281117 	 46.9580019 	 974797.5402 	 1.182 	 53.510
0.6292597 	 48.5819842 	 978474.4654 	 1.188 	 53.487
