N=60 	 R=1000000 	 s=1 	 Save [density, Z, rho_t, like/unlike, events per sweep]
0.0002259 	 1.0008559 	 1.1025 	 0.993 	 7.113
0.0220720 	 1.1832208 	 12.0150 	 0.960 	 35.147
0.0428875 	 1.2259786 	 22.5513 	 0.998 	 47.973
0.0626125 	 1.3037063 	 32.8453 	 1.007 	 51.557
0.0813242 	 1.3962392 	 43.3106 	 1.008 	 52.653
0.0991191 	 1.4968107 	 53.7453 	 1.010 	 53.120
0.1160812 	 1.6047119 	 63.6878 	 1.012 	 53.365
0.1322494 	 1.7187418 	 74.2709 	 1.014 	 53.467
0.1476867 	 1.8366080 	 84.8276 	 1.015 	 53.593
0.1624376 	 1.9620507 	 95.5199 	 1.017 	 53.583
0.1765643 	 2.0921615 	 106.1231 	 1.019 	 53.553
0.1901014 	 2.2268008 	 116.6900 	 1.021 	 53.520
0.2030788 	 2.3659568 	 127.2303 	 1.023 	 53.520
0.2155386 	 2.5095610 	 137.2879 	 1.025 	 53.502
0.2275111 	 2.6578155 	 148.3128 	 1.027 	 53.487
0.2390263 	 2.8098302 	 159.7678 	 1.029 	 53.481
0.2501004 	 2.9658317 	 170.3026 	 1.031 	 53.446
0.2607749 	 3.1271533 	 180.9228 	 1.033 	 53.438
0.2710673 	 3.2913654 	 191.6946 	 1.034 	 53.422
0.2810003 	 3.4619115 	 200.0378 	 1.037 	 53.426
0.2905955 	 3.6346967 	 210.8446 	 1.039 	 53.390
0.2998644 	 3.8130881 	 223.1454 	 1.041 	 53.396
0.3088308 	 3.9948536 	 232.5750 	 1.043 	 53.402
0.3175005 	 4.1801207 	 243.3344 	 1.043 	 53.360
0.3259058 	 4.3687529 	 255.0097 	 1.046 	 53.353
0.3340494 	 4.5626579 	 267.2480 	 1.049 	 53.309
0.3419417 	 4.7625840 	 278.9884 	 1.050 	 53.345
0.3495956 	 4.9636141 	 287.3625 	 1.053 	 53.287
0.3570253 	 5.1686624 	 296.8987 	 1.054 	 53.269
0.3642312 	 5.3797433 	 308.8690 	 1.056 	 53.275
0.3712388 	 5.5939332 	 320.6096 	 1.058 	 53.253
0.3780487 	 5.8122304 	 329.2057 	 1.060 	 53.247
0.3846758 	 6.0349749 	 339.5954 	 1.062 	 53.230
0.3911210 	 6.2615319 	 348.8098 	 1.063 	 53.243
0.3973941 	 6.4893027 	 357.2131 	 1.065 	 53.204
0.4035006 	 6.7246566 	 369.6881 	 1.067 	 53.200
0.4094459 	 6.9606488 	 378.6657 	 1.068 	 53.168
0.4152400 	 7.2037955 	 390.5722 	 1.070 	 53.158
0.4208962 	 7.4520087 	 400.0289 	 1.071 	 53.158
0.4264048 	 7.7000634 	 410.4007 	 1.073 	 53.146
0.4317795 	 7.9497149 	 420.1904 	 1.075 	 53.123
0.4370285 	 8.2078703 	 433.3428 	 1.075 	 53.100
0.4421529 	 8.4671723 	 442.8019 	 1.077 	 53.075
0.4471524 	 8.7362097 	 455.5279 	 1.079 	 53.096
0.4520365 	 9.0014145 	 462.7944 	 1.080 	 53.078
0.4568101 	 9.2786155 	 474.3325 	 1.081 	 53.064
0.4614755 	 9.5496570 	 486.5404 	 1.082 	 53.058
0.4660337 	 9.8267770 	 494.0135 	 1.084 	 53.032
0.4704953 	 10.1131088 	 503.7780 	 1.084 	 53.038
0.4748597 	 10.3953568 	 515.6029 	 1.085 	 53.001
0.4791284 	 10.6941015 	 528.9603 	 1.086 	 53.008
0.4833109 	 10.9860966 	 542.1765 	 1.086 	 53.002
0.4874057 	 11.2865472 	 550.5047 	 1.087 	 52.984
0.4914128 	 11.5858796 	 561.7329 	 1.087 	 52.977
0.4953407 	 11.8909747 	 575.9520 	 1.088 	 52.974
0.4991906 	 12.2017773 	 587.8740 	 1.089 	 52.961
0.5029619 	 12.5094918 	 598.1639 	 1.089 	 52.937
0.5066602 	 12.8317505 	 610.5804 	 1.089 	 52.919
0.5102860 	 13.1543634 	 613.4985 	 1.090 	 52.922
0.5138430 	 13.4810179 	 625.0823 	 1.089 	 52.916
0.5173301 	 13.8160702 	 641.7920 	 1.090 	 52.932
0.5207535 	 14.1403878 	 653.1670 	 1.089 	 52.909
0.5241084 	 14.4812751 	 665.4213 	 1.090 	 52.884
0.5274001 	 14.8232832 	 682.6939 	 1.090 	 52.901
0.5306315 	 15.1680508 	 698.8653 	 1.090 	 52.865
0.5338041 	 15.5207174 	 718.7193 	 1.090 	 52.880
0.5369210 	 15.8693459 	 741.4130 	 1.091 	 52.875
0.5399840 	 16.2242651 	 764.2540 	 1.090 	 52.850
0.5429892 	 16.5891912 	 797.2033 	 1.088 	 52.851
0.5459421 	 16.9555371 	 836.5483 	 1.088 	 52.817
0.5488441 	 17.3281275 	 882.9376 	 1.086 	 52.841
0.5516940 	 17.7101193 	 939.0378 	 1.086 	 52.831
0.5544923 	 18.0866823 	 1029.0901 	 1.086 	 52.818
0.5572429 	 18.4667370 	 1131.1904 	 1.084 	 52.816
0.5599467 	 18.8584987 	 1267.3603 	 1.083 	 52.798
0.5626025 	 19.2534399 	 1471.8021 	 1.083 	 52.784
0.5652158 	 19.6550465 	 1726.9480 	 1.083 	 52.790
0.5677818 	 20.0658687 	 2069.3897 	 1.081 	 52.775
0.5703056 	 20.5008706 	 2558.0818 	 1.082 	 52.797
0.5727847 	 20.9410422 	 3214.1156 	 1.080 	 52.799
0.5752205 	 21.3899341 	 4137.1007 	 1.079 	 52.787
0.5776109 	 21.8520221 	 5446.5106 	 1.078 	 52.784
0.5799553 	 22.3352316 	 7247.5650 	 1.078 	 52.769
0.5822576 	 22.8395258 	 9621.7645 	 1.078 	 52.780
0.5845152 	 23.3527366 	 12811.2275 	 1.078 	 52.776
0.5867275 	 23.8980664 	 16819.9595 	 1.080 	 52.770
0.5888944 	 24.4841699 	 21816.3607 	 1.081 	 52.776
0.5910138 	 25.0873026 	 28272.4066 	 1.084 	 52.775
0.5930892 	 25.7274036 	 35203.5957 	 1.087 	 52.777
0.5951165 	 26.4059213 	 42515.5001 	 1.088 	 52.788
0.5970952 	 27.0983968 	 51942.6674 	 1.092 	 52.749
0.5990268 	 27.8564894 	 61601.8262 	 1.094 	 52.776
0.6009092 	 28.6296728 	 71977.2640 	 1.097 	 52.772
0.6027442 	 29.4407135 	 82799.7965 	 1.100 	 52.745
0.6045306 	 30.2916422 	 94923.0558 	 1.104 	 52.756
0.6062727 	 31.1719227 	 106112.7433 	 1.107 	 52.754
0.6079688 	 32.0961442 	 118939.0220 	 1.111 	 52.748
0.6096179 	 33.0356201 	 133385.6269 	 1.115 	 52.725
0.6112225 	 34.0395683 	 148658.2737 	 1.120 	 52.728
0.6127815 	 35.0665072 	 165119.8712 	 1.125 	 52.727
0.6142974 	 36.1155598 	 181844.1388 	 1.133 	 52.718
0.6157721 	 37.2362630 	 197855.5080 	 1.141 	 52.735
0.6172052 	 38.3682214 	 215171.3939 	 1.149 	 52.722
0.6185989 	 39.5470471 	 233808.5450 	 1.160 	 52.723
0.6199503 	 40.7630948 	 251641.3494 	 1.171 	 52.711
0.6212639 	 42.0257994 	 265774.8585 	 1.179 	 52.711
0.6225406 	 43.2997755 	 284899.9150 	 1.192 	 52.687
0.6237795 	 44.6600170 	 301632.5598 	 1.205 	 52.686
0.6249828 	 46.0566174 	 320583.0508 	 1.217 	 52.686
0.6261509 	 47.5342813 	 333098.7691 	 1.228 	 52.692
0.6272846 	 49.0522268 	 343356.5763 	 1.239 	 52.696
0.6283847 	 50.5979296 	 353925.5710 	 1.250 	 52.675
0.6294510 	 52.2078337 	 357883.4102 	 1.258 	 52.657
