N=60 	 R=1000000 	 s=1 	 Save [density, Z, rho_t, like/unlike, events per sweep]
0.0002266 	 1.0008538 	 1.1026 	 1.003 	 7.113
0.0220624 	 1.1831983 	 12.0005 	 0.960 	 35.133
0.0428444 	 1.2260214 	 22.6322 	 0.998 	 47.985
0.0625499 	 1.3033496 	 33.0414 	 1.006 	 51.567
0.0812492 	 1.3958451 	 43.4889 	 1.008 	 52.639
0.0990475 	 1.4965238 	 54.0419 	 1.009 	 53.121
0.1160046 	 1.6041046 	 64.8278 	 1.012 	 53.369
0.1321740 	 1.7179142 	 74.8461 	 1.014 	 53.457
0.1476208 	 1.8358817 	 85.6017 	 1.014 	 53.575
0.1623847 	 1.9614938 	 95.9748 	 1.017 	 53.567
0.1765079 	 2.0918867 	 106.6590 	 1.019 	 53.554
0.1900399 	 2.2263311 	 117.8495 	 1.020 	 53.530
0.2030165 	 2.3649800 	 128.9692 	 1.023 	 53.491
0.2154648 	 2.5081368 	 138.9329 	 1.025 	 53.478
0.2274420 	 2.6566106 	 149.4824 	 1.027 	 53.471
0.2389558 	 2.8091632 	 160.1351 	 1.029 	 53.464
0.2500434 	 2.9648630 	 170.8175 	 1.031 	 53.457
0.2607160 	 3.1258711 	 181.8157 	 1.033 	 53.420
0.2710145 	 3.2898811 	 192.5314 	 1.035 	 53.413
0.2809483 	 3.4596606 	 201.0864 	 1.036 	 53.398
0.2905429 	 3.6355259 	 211.4050 	 1.040 	 53.424
0.2998149 	 3.8119625 	 221.5201 	 1.041 	 53.362
0.3087809 	 3.9937011 	 231.1751 	 1.042 	 53.374
0.3174584 	 4.1791624 	 240.4669 	 1.045 	 53.351
0.3258623 	 4.3697235 	 252.2140 	 1.047 	 53.363
0.3340114 	 4.5624268 	 262.4591 	 1.048 	 53.334
0.3419030 	 4.7613725 	 273.6450 	 1.051 	 53.306
0.3495554 	 4.9634943 	 284.5015 	 1.053 	 53.320
0.3569854 	 5.1690279 	 293.7448 	 1.054 	 53.293
0.3642027 	 5.3791279 	 304.1570 	 1.057 	 53.265
0.3712077 	 5.5928764 	 315.8255 	 1.058 	 53.273
0.3780146 	 5.8109640 	 326.6437 	 1.059 	 53.231
0.3846380 	 6.0313446 	 337.1838 	 1.062 	 53.221
0.3910811 	 6.2587718 	 348.2147 	 1.063 	 53.217
0.3973574 	 6.4871333 	 357.7946 	 1.065 	 53.173
0.4034634 	 6.7230888 	 369.3273 	 1.067 	 53.177
0.4094128 	 6.9606152 	 376.9572 	 1.068 	 53.172
0.4152108 	 7.2045925 	 386.3325 	 1.071 	 53.182
0.4208631 	 7.4495774 	 397.1426 	 1.072 	 53.173
0.4263767 	 7.6956426 	 405.0672 	 1.072 	 53.131
0.4317562 	 7.9522172 	 414.3565 	 1.074 	 53.141
0.4370052 	 8.2064100 	 425.7115 	 1.076 	 53.105
0.4421237 	 8.4693050 	 440.3225 	 1.077 	 53.115
0.4471250 	 8.7347909 	 454.2368 	 1.077 	 53.097
0.4520112 	 8.9994285 	 466.1737 	 1.078 	 53.077
0.4567863 	 9.2744064 	 476.7305 	 1.081 	 53.065
0.4614547 	 9.5490226 	 488.2144 	 1.082 	 53.056
0.4660179 	 9.8308697 	 499.5903 	 1.082 	 53.062
0.4704804 	 10.1165356 	 510.9683 	 1.083 	 53.038
0.4748462 	 10.4013190 	 526.6208 	 1.084 	 53.038
0.4791197 	 10.6922543 	 538.7532 	 1.085 	 53.015
0.4833012 	 10.9878395 	 552.1844 	 1.085 	 53.006
0.4873972 	 11.2758245 	 561.7025 	 1.086 	 52.967
0.4914081 	 11.5802174 	 571.9705 	 1.088 	 52.957
0.4953367 	 11.8897230 	 580.2631 	 1.089 	 52.964
0.4991843 	 12.2016245 	 594.0372 	 1.089 	 52.954
0.5029538 	 12.5158126 	 608.2795 	 1.090 	 52.947
0.5066510 	 12.8307199 	 617.2244 	 1.089 	 52.944
0.5102766 	 13.1503048 	 624.9851 	 1.090 	 52.917
0.5138295 	 13.4764449 	 637.7855 	 1.090 	 52.928
0.5173183 	 13.8055721 	 645.0008 	 1.092 	 52.910
0.5207371 	 14.1429560 	 658.0145 	 1.092 	 52.913
0.5240923 	 14.4762452 	 672.8399 	 1.091 	 52.882
0.5273832 	 14.8150484 	 685.5050 	 1.091 	 52.885
0.5306163 	 15.1553590 	 702.6931 	 1.090 	 52.874
0.5337930 	 15.5080017 	 722.0117 	 1.091 	 52.879
0.5369107 	 15.8585716 	 744.4136 	 1.091 	 52.868
0.5399718 	 16.2146922 	 762.0657 	 1.090 	 52.856
0.5429774 	 16.5740178 	 792.7150 	 1.090 	 52.848
0.5459306 	 16.9435535 	 822.7377 	 1.090 	 52.835
0.5488323 	 17.3064983 	 864.7011 	 1.090 	 52.829
0.5516848 	 17.6772277 	 919.9995 	 1.089 	 52.829
0.5544887 	 18.0546912 	 999.1856 	 1.089 	 52.821
0.5572435 	 18.4353544 	 1109.5671 	 1.089 	 52.809
0.5599530 	 18.8196236 	 1277.8071 	 1.090 	 52.813
0.5626160 	 19.2194256 	 1532.9850 	 1.091 	 52.806
0.5652331 	 19.6117374 	 1950.3478 	 1.091 	 52.759
0.5678073 	 20.0232012 	 2592.3335 	 1.092 	 52.790
0.5703375 	 20.4314437 	 3629.9174 	 1.094 	 52.748
0.5728232 	 20.8717740 	 5159.9721 	 1.096 	 52.771
0.5752655 	 21.3083044 	 7517.4248 	 1.098 	 52.757
0.5776661 	 21.7594520 	 11107.3532 	 1.101 	 52.741
0.5800251 	 22.2143196 	 16608.9079 	 1.104 	 52.722
0.5823433 	 22.6850941 	 25006.9974 	 1.106 	 52.732
0.5846202 	 23.1686816 	 37854.4814 	 1.105 	 52.772
0.5868561 	 23.6372729 	 58072.2826 	 1.100 	 52.742
0.5890518 	 24.1219154 	 88665.3864 	 1.092 	 52.777
0.5912102 	 24.6288804 	 130012.9702 	 1.077 	 52.841
0.5933306 	 25.1361619 	 184644.3229 	 1.057 	 52.876
0.5954128 	 25.6625905 	 253086.9789 	 1.036 	 52.922
0.5974572 	 26.2458241 	 331465.0754 	 1.012 	 52.983
0.5994601 	 26.8679577 	 416439.3103 	 0.987 	 53.063
0.6014203 	 27.5363555 	 505912.3226 	 0.964 	 53.125
0.6033354 	 28.2537969 	 594657.7250 	 0.942 	 53.161
0.6052048 	 29.0309022 	 678169.8242 	 0.923 	 53.237
0.6070272 	 29.8480184 	 751464.4692 	 0.908 	 53.277
0.6088023 	 30.7001905 	 815823.8696 	 0.894 	 53.318
0.6105304 	 31.6164258 	 866723.3378 	 0.884 	 53.371
0.6122131 	 32.5520558 	 906552.2027 	 0.877 	 53.366
0.6138474 	 33.5401548 	 936430.2257 	 0.871 	 53.387
0.6154375 	 34.5792033 	 958438.2123 	 0.867 	 53.408
0.6169819 	 35.6328142 	 973111.9019 	 0.864 	 53.423
0.6184825 	 36.7495335 	 982154.0780 	 0.862 	 53.435
0.6199397 	 37.8831701 	 988626.8716 	 0.861 	 53.416
0.6213555 	 39.0870212 	 992601.1092 	 0.860 	 53.450
0.6227310 	 40.3039436 	 995279.7851 	 0.859 	 53.463
0.6240649 	 41.5801119 	 997276.6979 	 0.860 	 53.460
0.6253617 	 42.8674526 	 998335.0462 	 0.859 	 53.459
0.6266198 	 44.2134003 	 998756.6105 	 0.859 	 53.465
0.6278418 	 45.6061698 	 999238.2335 	 0.859 	 53.479
0.6290273 	 47.0426167 	 999420.1345 	 0.859 	 53.464
