N=60 	 R=1000000 	 s=1 	 Save [density, Z, rho_t, like/unlike, events per sweep]
0.0002246 	 1.0008487 	 1.1027 	 0.994 	 7.112
0.0220578 	 1.1833204 	 12.0239 	 0.960 	 35.116
0.0428541 	 1.2259940 	 22.6082 	 0.998 	 47.955
0.0625643 	 1.3034684 	 33.0986 	 1.006 	 51.565
0.0812856 	 1.3959749 	 43.6024 	 1.009 	 52.634
0.0990787 	 1.4964474 	 54.0123 	 1.009 	 53.142
0.1160364 	 1.6043895 	 64.4405 	 1.012 	 53.370
0.1322070 	 1.7183028 	 74.7653 	 1.013 	 53.469
0.1476374 	 1.8361972 	 85.7786 	 1.015 	 53.591
0.1623934 	 1.9619312 	 96.0433 	 1.017 	 53.565
0.1765095 	 2.0920684 	 106.1960 	 1.019 	 53.551
0.1900421 	 2.2261629 	 116.3929 	 1.021 	 53.520
0.2030219 	 2.3655514 	 126.9582 	 1.023 	 53.503
0.2154788 	 2.5086800 	 137.0750 	 1.025 	 53.495
0.2274579 	 2.6567797 	 146.3114 	 1.027 	 53.477
0.2389771 	 2.8090020 	 156.8714 	 1.029 	 53.468
0.2500587 	 2.9655252 	 167.3229 	 1.031 	 53.450
0.2607434 	 3.1264335 	 177.8807 	 1.033 	 53.442
0.2710350 	 3.2911826 	 188.3208 	 1.034 	 53.428
0.2809714 	 3.4615636 	 199.4061 	 1.036 	 53.414
0.2905714 	 3.6338519 	 212.6247 	 1.039 	 53.379
0.2998415 	 3.8114511 	 222.8510 	 1.041 	 53.391
0.3088024 	 3.9936891 	 232.5656 	 1.042 	 53.353
0.3174715 	 4.1793811 	 242.9581 	 1.044 	 53.358
0.3258683 	 4.3688882 	 253.1781 	 1.047 	 53.335
0.3340114 	 4.5628839 	 262.6420 	 1.048 	 53.328
0.3419040 	 4.7615750 	 274.1404 	 1.050 	 53.301
0.3495650 	 4.9644287 	 286.2296 	 1.052 	 53.308
0.3569935 	 5.1695169 	 295.6365 	 1.054 	 53.298
0.3642054 	 5.3781966 	 306.0116 	 1.056 	 53.281
0.3712189 	 5.5943212 	 315.6476 	 1.058 	 53.279
0.3780345 	 5.8102008 	 326.2465 	 1.060 	 53.220
0.3846568 	 6.0320223 	 336.4830 	 1.062 	 53.214
0.3911020 	 6.2594872 	 346.2486 	 1.063 	 53.214
0.3973774 	 6.4893265 	 355.5786 	 1.064 	 53.215
0.4034836 	 6.7228071 	 365.4373 	 1.066 	 53.170
0.4094346 	 6.9614350 	 375.9296 	 1.068 	 53.162
0.4152346 	 7.2035904 	 386.2940 	 1.070 	 53.164
0.4208863 	 7.4481852 	 400.1485 	 1.071 	 53.145
0.4263965 	 7.6987204 	 409.9231 	 1.073 	 53.133
0.4317692 	 7.9471533 	 423.9166 	 1.074 	 53.101
0.4370135 	 8.2081702 	 434.5418 	 1.077 	 53.117
0.4421366 	 8.4668695 	 445.4678 	 1.077 	 53.103
0.4471357 	 8.7345719 	 454.3899 	 1.079 	 53.080
0.4520245 	 9.0049138 	 466.5354 	 1.079 	 53.094
0.4567965 	 9.2717377 	 478.0583 	 1.080 	 53.043
0.4614624 	 9.5512823 	 486.3360 	 1.082 	 53.060
0.4660278 	 9.8267351 	 499.5782 	 1.084 	 53.031
0.4704932 	 10.1154819 	 510.8906 	 1.083 	 53.025
0.4748613 	 10.3989406 	 520.3718 	 1.084 	 53.009
0.4791360 	 10.6916831 	 530.9138 	 1.086 	 53.013
0.4833149 	 10.9900162 	 544.5719 	 1.086 	 53.017
0.4874055 	 11.2832269 	 555.2907 	 1.088 	 52.976
0.4914140 	 11.5885833 	 566.0092 	 1.088 	 52.981
0.4953399 	 11.8937074 	 575.3543 	 1.088 	 52.965
0.4991860 	 12.2019973 	 580.5135 	 1.089 	 52.947
0.5029580 	 12.5176074 	 594.0309 	 1.090 	 52.958
0.5066555 	 12.8306307 	 602.3219 	 1.091 	 52.928
0.5102796 	 13.1503823 	 611.8080 	 1.090 	 52.915
0.5138344 	 13.4768345 	 626.8666 	 1.090 	 52.924
0.5173194 	 13.8084039 	 639.4878 	 1.090 	 52.913
0.5207386 	 14.1392484 	 653.4362 	 1.091 	 52.907
0.5240967 	 14.4753759 	 667.1475 	 1.092 	 52.884
0.5273926 	 14.8186708 	 683.1570 	 1.092 	 52.881
0.5306249 	 15.1554337 	 708.4673 	 1.092 	 52.874
0.5338007 	 15.5056099 	 730.1160 	 1.093 	 52.850
0.5369184 	 15.8643428 	 756.2835 	 1.092 	 52.868
0.5399781 	 16.2135962 	 792.1391 	 1.091 	 52.858
0.5429877 	 16.5696412 	 843.7240 	 1.091 	 52.850
0.5459433 	 16.9278640 	 933.4938 	 1.091 	 52.833
0.5488489 	 17.2955072 	 1118.4611 	 1.090 	 52.843
0.5517054 	 17.6542736 	 1466.8274 	 1.089 	 52.816
0.5545107 	 18.0213160 	 2192.2858 	 1.087 	 52.832
0.5572749 	 18.3724715 	 3673.8441 	 1.085 	 52.837
0.5599969 	 18.7253550 	 6680.3167 	 1.084 	 52.827
0.5626791 	 19.0711629 	 12676.8629 	 1.080 	 52.824
0.5653214 	 19.4034870 	 25394.1767 	 1.077 	 52.833
0.5679291 	 19.7346029 	 48050.4124 	 1.075 	 52.858
0.5705042 	 20.0629303 	 81846.9121 	 1.072 	 52.856
0.5730480 	 20.4053318 	 130510.3376 	 1.072 	 52.876
0.5755556 	 20.7608812 	 193848.4120 	 1.070 	 52.897
0.5780250 	 21.1788229 	 262103.3564 	 1.069 	 52.924
0.5804501 	 21.6254733 	 332696.7802 	 1.070 	 52.935
0.5828321 	 22.1206900 	 397002.8786 	 1.070 	 52.963
0.5851667 	 22.6587798 	 450443.0980 	 1.073 	 52.928
0.5874509 	 23.2627950 	 491339.9865 	 1.075 	 52.949
0.5896787 	 23.8957990 	 520587.7891 	 1.077 	 52.924
0.5918536 	 24.5610078 	 546154.3855 	 1.079 	 52.908
0.5939735 	 25.2768697 	 556417.4003 	 1.080 	 52.918
0.5960384 	 26.0059858 	 558858.7797 	 1.079 	 52.888
0.5980499 	 26.7742212 	 552791.6240 	 1.078 	 52.852
0.6000056 	 27.5779048 	 535083.6098 	 1.075 	 52.860
0.6019094 	 28.3790292 	 513125.1663 	 1.069 	 52.806
0.6037640 	 29.2089153 	 487343.9995 	 1.063 	 52.741
0.6055686 	 30.0838096 	 454795.7161 	 1.054 	 52.717
0.6073249 	 30.9530055 	 425851.7620 	 1.041 	 52.652
0.6090366 	 31.8476853 	 404044.0103 	 1.027 	 52.603
0.6107035 	 32.7296994 	 392884.2936 	 1.010 	 52.517
0.6123277 	 33.6429643 	 394654.8539 	 0.992 	 52.465
0.6139113 	 34.5870991 	 408986.2323 	 0.973 	 52.374
0.6154540 	 35.5597417 	 431423.1366 	 0.955 	 52.314
0.6169578 	 36.5470207 	 456896.2302 	 0.938 	 52.271
0.6184215 	 37.6030652 	 475708.3773 	 0.924 	 52.233
0.6198477 	 38.6750966 	 484338.1067 	 0.912 	 52.170
0.6212352 	 39.8043110 	 487314.5864 	 0.901 	 52.165
0.6225851 	 40.9666544 	 480357.3644 	 0.893 	 52.165
0.6238989 	 42.1551309 	 475997.7389 	 0.887 	 52.160
0.6251762 	 43.4009735 	 479588.5913 	 0.883 	 52.180
0.6264194 	 44.7099235 	 495863.2076 	 0.879 	 52.200
0.6276280 	 46.0375700 	 527893.0935 	 0.877 	 52.215
0.6288023 	 47.4373203 	 575727.8782 	 0.875 	 52.232
0.6299441 	 48.8683245 	 634474.2074 	 0.872 	 52.241
