N=60 	 R=1000000 	 s=1 	 Save [density, Z, rho_t, like/unlike, events per sweep]
0.0002285 	 1.0008631 	 1.1026 	 1.004 	 7.114
0.0220547 	 1.1833217 	 11.9892 	 0.960 	 35.131
0.0428522 	 1.2260611 	 22.6577 	 0.998 	 47.975
0.0625780 	 1.3034169 	 33.0903 	 1.006 	 51.547
0.0813051 	 1.3962258 	 43.7357 	 1.008 	 52.651
0.0990995 	 1.4967482 	 53.8308 	 1.009 	 53.123
0.1160543 	 1.6043752 	 64.1887 	 1.012 	 53.341
0.1322374 	 1.7182933 	 74.5771 	 1.013 	 53.445
0.1476801 	 1.8362911 	 85.1174 	 1.014 	 53.578
0.1624330 	 1.9616609 	 95.8545 	 1.017 	 53.552
0.1765598 	 2.0926214 	 106.9419 	 1.019 	 53.559
0.1900913 	 2.2266440 	 117.8501 	 1.022 	 53.537
0.2030792 	 2.3657251 	 127.4823 	 1.023 	 53.508
0.2155341 	 2.5093052 	 137.7562 	 1.025 	 53.508
0.2274975 	 2.6569944 	 148.3002 	 1.027 	 53.476
0.2390081 	 2.8086460 	 158.0478 	 1.029 	 53.438
0.2500796 	 2.9658625 	 168.3092 	 1.031 	 53.444
0.2607593 	 3.1271572 	 177.2702 	 1.033 	 53.451
0.2710516 	 3.2915715 	 189.5232 	 1.035 	 53.404
0.2809871 	 3.4617952 	 201.8843 	 1.037 	 53.427
0.2905815 	 3.6350649 	 211.8501 	 1.039 	 53.410
0.2998510 	 3.8126483 	 221.1514 	 1.041 	 53.385
0.3088219 	 3.9927553 	 232.3676 	 1.042 	 53.374
0.3174967 	 4.1791640 	 243.2097 	 1.044 	 53.344
0.3258985 	 4.3702029 	 254.6517 	 1.046 	 53.339
0.3340360 	 4.5621419 	 263.6648 	 1.048 	 53.311
0.3419258 	 4.7619560 	 273.0847 	 1.050 	 53.306
0.3495766 	 4.9625265 	 283.1970 	 1.053 	 53.281
0.3570096 	 5.1698300 	 293.9949 	 1.054 	 53.299
0.3642202 	 5.3798153 	 303.5206 	 1.056 	 53.283
0.3712266 	 5.5932318 	 314.6263 	 1.058 	 53.258
0.3780316 	 5.8129759 	 322.5644 	 1.060 	 53.247
0.3846532 	 6.0328903 	 334.7082 	 1.062 	 53.236
0.3911021 	 6.2600633 	 343.9225 	 1.064 	 53.229
0.3973778 	 6.4895854 	 356.1500 	 1.065 	 53.204
0.4034878 	 6.7253627 	 368.0572 	 1.067 	 53.209
0.4094341 	 6.9609069 	 377.0708 	 1.068 	 53.183
0.4152227 	 7.2019528 	 388.8372 	 1.070 	 53.160
0.4208681 	 7.4494180 	 398.8416 	 1.071 	 53.162
0.4263782 	 7.6964163 	 408.2285 	 1.073 	 53.127
0.4317573 	 7.9504056 	 417.9354 	 1.074 	 53.132
0.4370069 	 8.2065372 	 430.4830 	 1.076 	 53.108
0.4421282 	 8.4698240 	 440.3050 	 1.077 	 53.123
0.4471277 	 8.7361178 	 452.1313 	 1.078 	 53.109
0.4520114 	 9.0008383 	 461.9029 	 1.079 	 53.080
0.4567851 	 9.2754257 	 472.4201 	 1.080 	 53.083
0.4614466 	 9.5486192 	 481.4842 	 1.082 	 53.063
0.4660052 	 9.8277827 	 495.0361 	 1.083 	 53.037
0.4704700 	 10.1077703 	 502.9920 	 1.084 	 53.016
0.4748376 	 10.3973434 	 516.2714 	 1.084 	 53.007
0.4791109 	 10.6891654 	 530.2968 	 1.085 	 53.027
0.4832948 	 10.9862518 	 541.8118 	 1.086 	 52.990
0.4873905 	 11.2854207 	 555.2786 	 1.087 	 53.013
0.4914000 	 11.5847551 	 569.2177 	 1.088 	 52.965
0.4953286 	 11.8915535 	 579.5912 	 1.089 	 52.968
0.4991781 	 12.2021359 	 590.6204 	 1.089 	 52.959
0.5029506 	 12.5137470 	 598.4094 	 1.090 	 52.960
0.5066470 	 12.8332118 	 607.4625 	 1.090 	 52.950
0.5102716 	 13.1505490 	 622.0331 	 1.090 	 52.927
0.5138267 	 13.4756552 	 634.2123 	 1.091 	 52.918
0.5173118 	 13.7999985 	 645.6400 	 1.090 	 52.893
0.5207343 	 14.1381949 	 654.2441 	 1.091 	 52.905
0.5240913 	 14.4708780 	 664.7786 	 1.091 	 52.874
0.5273844 	 14.8101810 	 685.2800 	 1.090 	 52.871
0.5306158 	 15.1583058 	 702.2115 	 1.090 	 52.866
0.5337912 	 15.5045936 	 717.1838 	 1.090 	 52.871
0.5369107 	 15.8564706 	 738.0613 	 1.091 	 52.857
0.5399747 	 16.2132195 	 763.8320 	 1.089 	 52.860
0.5429829 	 16.5692006 	 794.4608 	 1.089 	 52.833
0.5459362 	 16.9321988 	 836.8280 	 1.089 	 52.845
0.5488428 	 17.2980736 	 914.1343 	 1.088 	 52.838
0.5516974 	 17.6644166 	 1052.0361 	 1.088 	 52.836
0.5545028 	 18.0321736 	 1313.6529 	 1.087 	 52.821
0.5572617 	 18.4048336 	 1802.7205 	 1.086 	 52.801
0.5599748 	 18.7789018 	 2655.0593 	 1.086 	 52.830
0.5626437 	 19.1635086 	 4301.6461 	 1.084 	 52.794
0.5652709 	 19.5379068 	 7178.4183 	 1.084 	 52.783
0.5678572 	 19.9301372 	 11874.8353 	 1.082 	 52.785
0.5704012 	 20.3229922 	 19809.8681 	 1.079 	 52.779
0.5729044 	 20.7351666 	 31289.7391 	 1.077 	 52.812
0.5753657 	 21.1672106 	 47427.8000 	 1.076 	 52.805
0.5777836 	 21.6100247 	 68394.2743 	 1.075 	 52.777
0.5801575 	 22.0879194 	 91714.5639 	 1.073 	 52.797
0.5824876 	 22.6003625 	 119272.0391 	 1.071 	 52.793
0.5847707 	 23.1498219 	 150499.5692 	 1.070 	 52.788
0.5870047 	 23.7259765 	 179348.0023 	 1.070 	 52.766
0.5891863 	 24.3421523 	 207720.4176 	 1.067 	 52.766
0.5913166 	 25.0053548 	 231189.8019 	 1.066 	 52.749
0.5933960 	 25.6999380 	 250727.8622 	 1.065 	 52.773
0.5954249 	 26.4276067 	 266074.7313 	 1.064 	 52.743
0.5974015 	 27.1919558 	 276267.2513 	 1.062 	 52.767
0.5993264 	 27.9963087 	 277716.7491 	 1.062 	 52.747
0.6012005 	 28.8042221 	 277864.6387 	 1.059 	 52.729
0.6030220 	 29.6545623 	 273558.7833 	 1.056 	 52.720
0.6047964 	 30.5313777 	 265849.5307 	 1.055 	 52.719
0.6065230 	 31.4477807 	 253237.9575 	 1.052 	 52.721
0.6082026 	 32.3788257 	 240352.0229 	 1.049 	 52.709
0.6098374 	 33.3206977 	 225676.7610 	 1.046 	 52.666
0.6114295 	 34.2838508 	 210710.6678 	 1.040 	 52.663
0.6129801 	 35.2504839 	 200844.5837 	 1.035 	 52.662
0.6144909 	 36.2210985 	 197388.8780 	 1.027 	 52.649
0.6159633 	 37.1769474 	 206417.0094 	 1.021 	 52.613
0.6174011 	 38.1701311 	 233523.3130 	 1.013 	 52.586
0.6188041 	 39.1432237 	 283325.6492 	 1.004 	 52.538
0.6201735 	 40.1591306 	 349465.6560 	 0.996 	 52.521
0.6215101 	 41.2385031 	 429104.7003 	 0.990 	 52.509
0.6228154 	 42.3693995 	 512766.7951 	 0.984 	 52.469
0.6240858 	 43.5767501 	 594572.5312 	 0.981 	 52.447
0.6253215 	 44.8500863 	 660909.3067 	 0.979 	 52.423
0.6265241 	 46.2408304 	 723520.4497 	 0.979 	 52.436
0.6276914 	 47.6830750 	 767550.5639 	 0.980 	 52.375
0.6288241 	 49.2004503 	 805060.3604 	 0.981 	 52.361
0.6299231 	 50.7927997 	 834973.5825 	 0.982 	 52.351
