N=60 	 R=1000000 	 s=1 	 Save [density, Z, rho_t, like/unlike, events per sweep]
0.0002268 	 1.0008661 	 1.1027 	 0.993 	 7.114
0.0220820 	 1.1831868 	 11.9608 	 0.960 	 35.147
0.0428563 	 1.2259741 	 22.6685 	 0.997 	 47.985
0.0625998 	 1.3037008 	 33.1639 	 1.006 	 51.573
0.0813107 	 1.3961693 	 43.6359 	 1.008 	 52.632
0.0991061 	 1.4967633 	 53.9143 	 1.009 	 53.134
0.1160486 	 1.6044112 	 65.0587 	 1.011 	 53.368
0.1322224 	 1.7184193 	 75.3457 	 1.013 	 53.468
0.1476655 	 1.8366337 	 85.3365 	 1.015 	 53.583
0.1624292 	 1.9620229 	 96.0938 	 1.017 	 53.554
0.1765515 	 2.0920727 	 106.4789 	 1.019 	 53.556
0.1900768 	 2.2267293 	 117.2761 	 1.021 	 53.515
0.2030542 	 2.3659734 	 127.8054 	 1.023 	 53.516
0.2155090 	 2.5090369 	 138.9550 	 1.025 	 53.497
0.2274774 	 2.6570723 	 150.0190 	 1.027 	 53.471
0.2389845 	 2.8097277 	 160.6721 	 1.029 	 53.483
0.2500557 	 2.9656573 	 171.0038 	 1.031 	 53.459
0.2607339 	 3.1262457 	 181.1864 	 1.033 	 53.427
0.2710290 	 3.2913602 	 190.2310 	 1.035 	 53.420
0.2809689 	 3.4609090 	 202.0646 	 1.036 	 53.407
0.2905601 	 3.6338336 	 211.7823 	 1.039 	 53.390
0.2998402 	 3.8109822 	 223.8267 	 1.040 	 53.388
0.3088114 	 3.9940507 	 233.3811 	 1.042 	 53.369
0.3174892 	 4.1796619 	 242.5643 	 1.044 	 53.354
0.3258927 	 4.3683979 	 254.1159 	 1.046 	 53.337
0.3340293 	 4.5631099 	 264.2420 	 1.049 	 53.326
0.3419136 	 4.7616114 	 276.5182 	 1.050 	 53.321
0.3495662 	 4.9637600 	 283.6104 	 1.052 	 53.294
0.3569969 	 5.1694368 	 293.4996 	 1.054 	 53.286
0.3642078 	 5.3791089 	 302.8080 	 1.056 	 53.284
0.3712180 	 5.5939729 	 312.8740 	 1.058 	 53.271
0.3780237 	 5.8107589 	 321.8938 	 1.060 	 53.245
0.3846508 	 6.0340043 	 333.1881 	 1.062 	 53.243
0.3910949 	 6.2605545 	 343.7277 	 1.064 	 53.251
0.3973720 	 6.4908514 	 353.5095 	 1.065 	 53.211
0.4034767 	 6.7240661 	 364.7080 	 1.067 	 53.225
0.4094252 	 6.9619736 	 372.7884 	 1.069 	 53.167
0.4152181 	 7.2019578 	 384.1911 	 1.069 	 53.160
0.4208720 	 7.4474712 	 394.0644 	 1.071 	 53.134
0.4263855 	 7.6977790 	 407.9758 	 1.073 	 53.133
0.4317605 	 7.9502518 	 417.4043 	 1.074 	 53.129
0.4370061 	 8.2066686 	 428.2296 	 1.075 	 53.098
0.4421320 	 8.4667913 	 441.8414 	 1.076 	 53.108
0.4471326 	 8.7339950 	 450.9427 	 1.079 	 53.103
0.4520244 	 9.0025770 	 462.5400 	 1.079 	 53.066
0.4567992 	 9.2744347 	 472.5248 	 1.080 	 53.070
0.4614685 	 9.5465492 	 480.9908 	 1.082 	 53.037
0.4660294 	 9.8315804 	 494.1163 	 1.083 	 53.050
0.4704910 	 10.1127881 	 506.1809 	 1.084 	 53.025
0.4748577 	 10.4004993 	 511.4960 	 1.084 	 53.019
0.4791305 	 10.6934521 	 526.4294 	 1.085 	 53.014
0.4833116 	 10.9882473 	 536.6210 	 1.086 	 52.991
0.4874040 	 11.2834766 	 541.7425 	 1.087 	 52.989
0.4914118 	 11.5857763 	 552.8859 	 1.087 	 52.967
0.4953419 	 11.8953643 	 566.7754 	 1.089 	 52.961
0.4991918 	 12.1965634 	 586.9512 	 1.089 	 52.930
0.5029635 	 12.5146326 	 593.2561 	 1.090 	 52.938
0.5066580 	 12.8359139 	 606.7568 	 1.090 	 52.950
0.5102794 	 13.1553575 	 615.5703 	 1.090 	 52.940
0.5138349 	 13.4773525 	 626.9290 	 1.091 	 52.906
0.5173214 	 13.8096095 	 639.8370 	 1.091 	 52.906
0.5207418 	 14.1466731 	 652.4745 	 1.092 	 52.902
0.5240981 	 14.4741110 	 669.6291 	 1.091 	 52.895
0.5273920 	 14.8167411 	 687.3781 	 1.091 	 52.871
0.5306242 	 15.1640666 	 709.8562 	 1.093 	 52.858
0.5337946 	 15.5105151 	 723.8431 	 1.093 	 52.857
0.5369118 	 15.8595765 	 744.1340 	 1.091 	 52.845
0.5399747 	 16.2124972 	 763.5839 	 1.091 	 52.848
0.5429848 	 16.5648434 	 792.1142 	 1.091 	 52.832
0.5459397 	 16.9369326 	 828.5091 	 1.091 	 52.829
0.5488435 	 17.3040738 	 880.1247 	 1.090 	 52.823
0.5516966 	 17.6730403 	 949.9246 	 1.090 	 52.814
0.5545021 	 18.0416733 	 1037.6527 	 1.091 	 52.789
0.5572590 	 18.4278461 	 1156.7944 	 1.090 	 52.802
0.5599694 	 18.8094775 	 1340.2879 	 1.090 	 52.814
0.5626376 	 19.1990750 	 1629.5255 	 1.090 	 52.799
0.5652575 	 19.5831511 	 2072.5239 	 1.092 	 52.777
0.5678363 	 19.9959482 	 2689.4713 	 1.092 	 52.775
0.5703704 	 20.3895676 	 3610.8845 	 1.095 	 52.771
0.5728632 	 20.7989875 	 4943.5216 	 1.096 	 52.752
0.5753149 	 21.2377172 	 6814.7409 	 1.099 	 52.758
0.5777227 	 21.6839751 	 9331.4758 	 1.101 	 52.736
0.5800907 	 22.1564454 	 12819.8708 	 1.105 	 52.745
0.5824119 	 22.6427100 	 17548.7408 	 1.107 	 52.738
0.5846912 	 23.1466058 	 23695.9073 	 1.110 	 52.705
0.5869236 	 23.6982168 	 31333.1376 	 1.113 	 52.720
0.5891106 	 24.2686658 	 39803.7641 	 1.116 	 52.700
0.5912518 	 24.8852713 	 48579.3389 	 1.118 	 52.683
0.5933434 	 25.5352192 	 58528.9314 	 1.121 	 52.672
0.5953863 	 26.2172721 	 69125.2487 	 1.121 	 52.665
0.5973795 	 26.9301352 	 80353.1661 	 1.122 	 52.653
0.5993245 	 27.6903264 	 91019.2404 	 1.121 	 52.659
0.6012193 	 28.4548544 	 101998.5067 	 1.121 	 52.626
0.6030661 	 29.2553042 	 113642.0066 	 1.120 	 52.594
0.6048672 	 30.1127265 	 126711.6198 	 1.117 	 52.631
0.6066231 	 30.9787407 	 140602.9109 	 1.114 	 52.605
0.6083303 	 31.8725564 	 155779.6299 	 1.109 	 52.614
0.6099915 	 32.7940811 	 174607.7726 	 1.103 	 52.579
0.6116098 	 33.7542989 	 196163.0974 	 1.094 	 52.589
0.6131847 	 34.7206339 	 221456.8510 	 1.085 	 52.557
0.6147196 	 35.7307796 	 252919.3196 	 1.075 	 52.573
0.6162122 	 36.7596984 	 286656.2698 	 1.065 	 52.517
0.6176652 	 37.8473179 	 319725.6203 	 1.056 	 52.516
0.6190781 	 38.9646475 	 357138.1244 	 1.046 	 52.477
0.6204524 	 40.1458973 	 392983.0049 	 1.038 	 52.488
0.6217867 	 41.3956392 	 425981.0220 	 1.029 	 52.487
0.6230840 	 42.6839674 	 456411.7452 	 1.022 	 52.446
0.6243430 	 44.0442189 	 480622.8254 	 1.016 	 52.450
0.6255637 	 45.4554072 	 496561.2078 	 1.012 	 52.430
0.6267479 	 46.9662443 	 508640.4985 	 1.008 	 52.449
0.6278960 	 48.4933447 	 513717.4313 	 1.003 	 52.427
0.6290077 	 50.1124390 	 512098.5556 	 1.000 	 52.443
