N=60 	 R=1000000 	 s=1 	 Save [density, Z, rho_t, like/unlike, events per sweep]
0.0002264 	 1.0008543 	 1.1027 	 0.992 	 7.113
0.0220712 	 1.1832466 	 11.9345 	 0.960 	 35.132
0.0428626 	 1.2260069 	 22.3457 	 0.998 	 47.949
0.0625757 	 1.3034372 	 32.8021 	 1.006 	 51.561
0.0812931 	 1.3960333 	 43.3485 	 1.008 	 52.639
0.0990815 	 1.4965896 	 53.6273 	 1.010 	 53.125
0.1160331 	 1.6045671 	 64.2508 	 1.011 	 53.382
0.1322027 	 1.7183097 	 75.4426 	 1.013 	 53.472
0.1476518 	 1.8364234 	 85.9951 	 1.014 	 53.600
0.1624169 	 1.9621318 	 96.7919 	 1.017 	 53.565
0.1765271 	 2.0915886 	 106.8702 	 1.019 	 53.533
0.1900547 	 2.2264038 	 116.9342 	 1.021 	 53.530
0.2030301 	 2.3650599 	 127.8379 	 1.023 	 53.492
0.2154771 	 2.5087472 	 138.4545 	 1.025 	 53.484
0.2274438 	 2.6571505 	 148.5781 	 1.027 	 53.497
0.2389568 	 2.8090724 	 160.0613 	 1.029 	 53.467
0.2500437 	 2.9653621 	 170.0027 	 1.031 	 53.444
0.2607193 	 3.1257138 	 179.7080 	 1.033 	 53.413
0.2710074 	 3.2921197 	 188.8725 	 1.035 	 53.444
0.2809402 	 3.4596505 	 198.9596 	 1.036 	 53.406
0.2905383 	 3.6337041 	 210.6236 	 1.039 	 53.416
0.2998201 	 3.8107618 	 218.7795 	 1.040 	 53.367
0.3087836 	 3.9931385 	 227.8881 	 1.042 	 53.388
0.3174644 	 4.1776958 	 239.0612 	 1.044 	 53.335
0.3258700 	 4.3694535 	 248.2437 	 1.047 	 53.351
0.3340126 	 4.5625970 	 257.9884 	 1.049 	 53.337
0.3418987 	 4.7625843 	 269.6610 	 1.050 	 53.332
0.3495567 	 4.9632638 	 279.7979 	 1.052 	 53.294
0.3569844 	 5.1687687 	 291.1391 	 1.054 	 53.298
0.3642064 	 5.3786367 	 301.0460 	 1.056 	 53.254
0.3712082 	 5.5948336 	 311.9240 	 1.057 	 53.267
0.3780245 	 5.8123423 	 324.0820 	 1.060 	 53.273
0.3846482 	 6.0329977 	 331.1871 	 1.061 	 53.228
0.3910893 	 6.2571469 	 341.2208 	 1.063 	 53.193
0.3973581 	 6.4877427 	 351.2281 	 1.064 	 53.194
0.4034642 	 6.7223639 	 361.0021 	 1.067 	 53.179
0.4094105 	 6.9589168 	 373.1589 	 1.068 	 53.167
0.4152051 	 7.2016973 	 381.3126 	 1.070 	 53.169
0.4208571 	 7.4507150 	 388.1302 	 1.071 	 53.154
0.4263684 	 7.6960168 	 398.3675 	 1.073 	 53.111
0.4317413 	 7.9512487 	 411.2599 	 1.074 	 53.135
0.4369890 	 8.2076038 	 418.5900 	 1.076 	 53.118
0.4421098 	 8.4676540 	 431.0103 	 1.077 	 53.121
0.4471120 	 8.7317741 	 438.7519 	 1.079 	 53.082
0.4519969 	 9.0018627 	 450.3471 	 1.080 	 53.086
0.4567678 	 9.2733435 	 463.5218 	 1.081 	 53.065
0.4614345 	 9.5482296 	 471.4670 	 1.083 	 53.049
0.4659965 	 9.8302009 	 483.9289 	 1.083 	 53.048
0.4704575 	 10.1112952 	 494.4146 	 1.083 	 53.030
0.4748256 	 10.3982904 	 500.9738 	 1.083 	 53.023
0.4790996 	 10.6926404 	 514.6387 	 1.084 	 53.023
0.4832817 	 10.9821052 	 526.6924 	 1.086 	 52.988
0.4873786 	 11.2813003 	 537.0121 	 1.087 	 52.982
0.4913882 	 11.5821112 	 546.0968 	 1.087 	 52.964
0.4953189 	 11.8928776 	 558.1029 	 1.087 	 52.970
0.4991674 	 12.2017795 	 568.7154 	 1.089 	 52.956
0.5029406 	 12.5142186 	 579.3416 	 1.090 	 52.931
0.5066366 	 12.8312836 	 588.8731 	 1.091 	 52.939
0.5102624 	 13.1516782 	 600.3916 	 1.092 	 52.928
0.5138189 	 13.4717490 	 608.6183 	 1.092 	 52.908
0.5173045 	 13.8014992 	 616.5970 	 1.092 	 52.897
0.5207254 	 14.1364245 	 625.9615 	 1.092 	 52.904
0.5240813 	 14.4782545 	 641.7658 	 1.092 	 52.887
0.5273720 	 14.8145229 	 657.8186 	 1.092 	 52.862
0.5306036 	 15.1586381 	 673.0976 	 1.093 	 52.858
0.5337770 	 15.5062452 	 689.8904 	 1.092 	 52.851
0.5368923 	 15.8576181 	 703.7900 	 1.092 	 52.865
0.5399530 	 16.2148654 	 725.2829 	 1.092 	 52.856
0.5429620 	 16.5678640 	 748.8785 	 1.091 	 52.826
0.5459171 	 16.9283033 	 783.1350 	 1.092 	 52.831
0.5488215 	 17.2981248 	 828.2283 	 1.091 	 52.825
0.5516734 	 17.6701064 	 888.0377 	 1.090 	 52.832
0.5544783 	 18.0449758 	 967.1586 	 1.089 	 52.805
0.5572348 	 18.4231627 	 1096.0442 	 1.088 	 52.809
0.5599470 	 18.8092660 	 1266.1402 	 1.085 	 52.824
0.5626141 	 19.1981552 	 1534.6958 	 1.084 	 52.825
0.5652358 	 19.5940611 	 1918.7121 	 1.082 	 52.810
0.5678116 	 19.9906018 	 2438.9574 	 1.078 	 52.783
0.5703465 	 20.4133607 	 3195.3872 	 1.077 	 52.792
0.5728372 	 20.8440719 	 4300.4045 	 1.074 	 52.821
0.5752824 	 21.2889064 	 5831.5416 	 1.072 	 52.808
0.5776846 	 21.7473968 	 7881.5531 	 1.069 	 52.803
0.5800421 	 22.2233382 	 10562.0824 	 1.067 	 52.784
0.5823535 	 22.7252582 	 14039.3558 	 1.064 	 52.802
0.5846234 	 23.2370904 	 18809.8032 	 1.061 	 52.820
0.5868485 	 23.7591774 	 25016.6101 	 1.057 	 52.802
0.5890285 	 24.3227221 	 33607.4029 	 1.054 	 52.837
0.5911658 	 24.9067090 	 45185.0962 	 1.051 	 52.852
0.5932574 	 25.4873352 	 61751.4630 	 1.047 	 52.843
0.5953071 	 26.1093389 	 83446.7246 	 1.043 	 52.831
0.5973121 	 26.7564662 	 110810.2782 	 1.039 	 52.857
0.5992723 	 27.4406374 	 142502.0462 	 1.035 	 52.860
0.6011890 	 28.1561419 	 178095.0864 	 1.032 	 52.842
0.6030582 	 28.9267135 	 213517.2726 	 1.028 	 52.856
0.6048793 	 29.7463050 	 249458.9627 	 1.024 	 52.849
0.6066550 	 30.5913711 	 284125.6012 	 1.020 	 52.821
0.6083837 	 31.5086711 	 313829.6805 	 1.015 	 52.826
0.6100648 	 32.4586035 	 336706.7874 	 1.008 	 52.809
0.6116976 	 33.4616100 	 354730.3354 	 1.003 	 52.805
0.6132856 	 34.4855427 	 367891.8222 	 0.995 	 52.762
0.6148301 	 35.5510474 	 375769.9981 	 0.986 	 52.737
0.6163292 	 36.6739738 	 379140.3734 	 0.977 	 52.738
0.6177844 	 37.8131326 	 384016.2346 	 0.965 	 52.703
0.6191986 	 39.0006587 	 388942.8386 	 0.954 	 52.671
0.6205719 	 40.2187695 	 399926.7201 	 0.941 	 52.693
0.6219042 	 41.4611316 	 414601.2470 	 0.929 	 52.653
0.6231993 	 42.7681643 	 437475.3216 	 0.915 	 52.637
0.6244559 	 44.0775475 	 471233.2886 	 0.900 	 52.582
0.6256771 	 45.4515715 	 509153.3476 	 0.887 	 52.547
0.6268624 	 46.9013492 	 553046.0701 	 0.875 	 52.551
0.6280138 	 48.3722745 	 600039.2102 	 0.865 	 52.524
0.6291293 	 49.9228979 	 647220.8589 	 0.855 	 52.495
