N=60 	 R=1000000 	 s=1 	 Save [density, Z, rho_t, like/unlike, events per sweep]
0.0002268 	 1.0008562 	 1.1026 	 0.988 	 7.113
0.0220707 	 1.1831850 	 11.9002 	 0.959 	 35.166
0.0428763 	 1.2260076 	 22.5424 	 0.998 	 47.979
0.0626012 	 1.3036558 	 33.0430 	 1.006 	 51.549
0.0813106 	 1.3962237 	 43.3195 	 1.008 	 52.652
0.0990898 	 1.4967896 	 54.0220 	 1.009 	 53.146
0.1160504 	 1.6042942 	 64.3103 	 1.011 	 53.374
0.1322252 	 1.7186477 	 74.4359 	 1.013 	 53.465
0.1476556 	 1.8365234 	 84.9224 	 1.015 	 53.600
0.1624108 	 1.9617122 	 95.3269 	 1.017 	 53.554
0.1765321 	 2.0918619 	 104.5960 	 1.019 	 53.557
0.1900683 	 2.2268075 	 114.5759 	 1.021 	 53.533
0.2030451 	 2.3657666 	 125.2348 	 1.022 	 53.506
0.2154961 	 2.5092963 	 136.1369 	 1.026 	 53.493
0.2274609 	 2.6564199 	 147.1842 	 1.028 	 53.476
0.2389789 	 2.8093713 	 157.9161 	 1.029 	 53.464
0.2500634 	 2.9653505 	 166.3474 	 1.031 	 53.427
0.2607320 	 3.1260210 	 177.9226 	 1.032 	 53.446
0.2710225 	 3.2914983 	 187.6647 	 1.035 	 53.435
0.2809613 	 3.4606506 	 198.2147 	 1.037 	 53.409
0.2905578 	 3.6339983 	 208.6256 	 1.039 	 53.400
0.2998288 	 3.8116056 	 219.2870 	 1.040 	 53.384
0.3087998 	 3.9932012 	 228.2266 	 1.043 	 53.369
0.3174785 	 4.1791057 	 238.0930 	 1.044 	 53.347
0.3258750 	 4.3697816 	 247.5295 	 1.047 	 53.344
0.3340186 	 4.5636712 	 258.5897 	 1.048 	 53.340
0.3419091 	 4.7619436 	 268.8434 	 1.051 	 53.319
0.3495584 	 4.9643225 	 278.8113 	 1.052 	 53.335
0.3569873 	 5.1687549 	 287.0474 	 1.055 	 53.296
0.3641989 	 5.3783639 	 297.2359 	 1.056 	 53.283
0.3712135 	 5.5923948 	 308.5813 	 1.058 	 53.258
0.3780245 	 5.8133468 	 321.9943 	 1.060 	 53.262
0.3846468 	 6.0320648 	 330.7487 	 1.061 	 53.214
0.3910921 	 6.2603946 	 341.9930 	 1.064 	 53.240
0.3973625 	 6.4880076 	 352.1109 	 1.066 	 53.190
0.4034760 	 6.7229159 	 360.3602 	 1.066 	 53.199
0.4094228 	 6.9604445 	 374.0966 	 1.069 	 53.174
0.4152169 	 7.2031618 	 386.6125 	 1.070 	 53.173
0.4208639 	 7.4463763 	 396.7235 	 1.071 	 53.148
0.4263761 	 7.6995233 	 405.1100 	 1.072 	 53.150
0.4317514 	 7.9507332 	 416.0214 	 1.074 	 53.119
0.4369954 	 8.2073070 	 425.0650 	 1.076 	 53.113
0.4421168 	 8.4676685 	 433.7410 	 1.076 	 53.100
0.4471180 	 8.7317804 	 444.8069 	 1.078 	 53.086
0.4520046 	 9.0018667 	 454.5160 	 1.079 	 53.077
0.4567750 	 9.2740784 	 468.3794 	 1.082 	 53.067
0.4614434 	 9.5461110 	 482.4822 	 1.082 	 53.033
0.4660035 	 9.8277277 	 492.0659 	 1.083 	 53.042
0.4704668 	 10.1088826 	 504.0242 	 1.084 	 53.032
0.4748336 	 10.3992550 	 516.6150 	 1.085 	 53.005
0.4791080 	 10.6875322 	 527.0976 	 1.085 	 52.998
0.4832914 	 10.9796952 	 535.5272 	 1.086 	 52.985
0.4873864 	 11.2809474 	 549.9485 	 1.087 	 52.973
0.4913964 	 11.5836716 	 560.2145 	 1.087 	 52.964
0.4953244 	 11.8957275 	 569.7451 	 1.089 	 52.973
0.4991744 	 12.1987702 	 579.6750 	 1.089 	 52.955
0.5029481 	 12.5104811 	 586.8325 	 1.089 	 52.926
0.5066470 	 12.8303944 	 597.5275 	 1.090 	 52.931
0.5102691 	 13.1536140 	 613.3516 	 1.091 	 52.920
0.5138248 	 13.4764010 	 627.1177 	 1.090 	 52.896
0.5173122 	 13.8062759 	 638.7180 	 1.091 	 52.889
0.5207339 	 14.1394720 	 652.0705 	 1.089 	 52.894
0.5240907 	 14.4798493 	 668.1786 	 1.090 	 52.880
0.5273849 	 14.8168669 	 681.4195 	 1.091 	 52.868
0.5306154 	 15.1578791 	 699.1552 	 1.090 	 52.861
0.5337905 	 15.5087677 	 715.9858 	 1.089 	 52.879
0.5369064 	 15.8595809 	 733.1080 	 1.089 	 52.836
0.5399660 	 16.2167553 	 758.1412 	 1.089 	 52.845
0.5429722 	 16.5805940 	 783.6843 	 1.088 	 52.854
0.5459272 	 16.9406978 	 823.1994 	 1.088 	 52.857
0.5488304 	 17.3040185 	 863.2395 	 1.087 	 52.815
0.5516819 	 17.6810300 	 911.2690 	 1.086 	 52.831
0.5544841 	 18.0610434 	 976.8138 	 1.086 	 52.821
0.5572382 	 18.4473252 	 1060.5248 	 1.086 	 52.807
0.5599463 	 18.8383315 	 1174.3781 	 1.086 	 52.808
0.5626085 	 19.2275002 	 1364.1414 	 1.086 	 52.805
0.5652235 	 19.6336944 	 1637.1750 	 1.086 	 52.789
0.5677943 	 20.0445133 	 2024.7125 	 1.088 	 52.804
0.5703195 	 20.4698239 	 2591.7370 	 1.090 	 52.778
0.5728021 	 20.9079229 	 3448.6584 	 1.092 	 52.769
0.5752399 	 21.3546136 	 4840.6026 	 1.096 	 52.765
0.5776324 	 21.8196821 	 6792.0420 	 1.099 	 52.766
0.5799808 	 22.3117679 	 9599.8165 	 1.102 	 52.752
0.5822838 	 22.8191254 	 13635.0808 	 1.106 	 52.749
0.5845415 	 23.3468593 	 18758.8225 	 1.109 	 52.748
0.5867536 	 23.8999765 	 24735.8881 	 1.113 	 52.743
0.5889237 	 24.4724282 	 32113.4745 	 1.117 	 52.737
0.5910450 	 25.0775340 	 40186.7219 	 1.119 	 52.735
0.5931215 	 25.6976831 	 48351.0011 	 1.122 	 52.694
0.5951507 	 26.3408811 	 56642.6786 	 1.123 	 52.703
0.5971342 	 27.0101141 	 64702.7668 	 1.126 	 52.689
0.5990757 	 27.6800675 	 73643.7321 	 1.127 	 52.674
0.6009744 	 28.3598084 	 84319.3263 	 1.127 	 52.668
0.6028335 	 29.0224703 	 99828.2899 	 1.126 	 52.656
0.6046541 	 29.6981046 	 123785.0970 	 1.126 	 52.617
0.6064369 	 30.3896625 	 162372.3862 	 1.127 	 52.589
0.6081836 	 31.0603053 	 220314.0886 	 1.131 	 52.536
0.6098961 	 31.8135576 	 293631.9386 	 1.137 	 52.473
0.6115714 	 32.5996588 	 379120.3763 	 1.144 	 52.425
0.6132059 	 33.4693262 	 463793.7896 	 1.152 	 52.357
0.6148001 	 34.4305508 	 546784.0115 	 1.163 	 52.308
0.6163518 	 35.4575067 	 622966.6410 	 1.175 	 52.250
0.6178599 	 36.5465014 	 690658.5533 	 1.188 	 52.213
0.6193241 	 37.7132532 	 749664.1338 	 1.201 	 52.150
0.6207451 	 38.9527741 	 799107.3565 	 1.215 	 52.103
0.6221223 	 40.2417685 	 842787.9026 	 1.228 	 52.056
0.6234560 	 41.6194480 	 876223.9848 	 1.242 	 52.018
0.6247467 	 43.0694683 	 901575.0147 	 1.256 	 51.993
0.6259958 	 44.5819007 	 923621.8368 	 1.270 	 51.989
0.6272034 	 46.1473211 	 941258.1768 	 1.285 	 51.910
0.6283714 	 47.7667270 	 954205.2751 	 1.298 	 51.866
0.6294996 	 49.5398903 	 962900.5666 	 1.312 	 51.839
