N=60 	 R=1000000 	 s=1 	 Save [density, Z, rho_t, like/unlike, events per sweep]
0.0002274 	 1.0008613 	 1.1025 	 0.991 	 7.114
0.0220679 	 1.1833013 	 11.9678 	 0.960 	 35.135
0.0428605 	 1.2261272 	 22.5457 	 0.998 	 47.986
0.0625757 	 1.3034891 	 33.2141 	 1.006 	 51.553
0.0812821 	 1.3961100 	 43.5388 	 1.008 	 52.648
0.0990876 	 1.4965149 	 53.8261 	 1.009 	 53.130
0.1160284 	 1.6041654 	 63.9740 	 1.011 	 53.356
0.1322090 	 1.7184184 	 74.0208 	 1.013 	 53.487
0.1476491 	 1.8362007 	 84.4688 	 1.014 	 53.565
0.1624030 	 1.9616823 	 94.7895 	 1.017 	 53.559
0.1765228 	 2.0918962 	 105.1837 	 1.019 	 53.555
0.1900545 	 2.2260561 	 116.5767 	 1.020 	 53.514
0.2030239 	 2.3651792 	 126.9902 	 1.023 	 53.490
0.2154855 	 2.5088207 	 137.1890 	 1.025 	 53.502
0.2274486 	 2.6565581 	 147.7713 	 1.027 	 53.469
0.2389719 	 2.8089778 	 159.3759 	 1.029 	 53.461
0.2500579 	 2.9655943 	 169.9874 	 1.031 	 53.459
0.2607411 	 3.1263529 	 179.4580 	 1.033 	 53.426
0.2710397 	 3.2920943 	 189.9552 	 1.035 	 53.412
0.2809769 	 3.4608091 	 200.3530 	 1.036 	 53.409
0.2905719 	 3.6337939 	 210.3413 	 1.038 	 53.389
0.2998456 	 3.8113580 	 222.1131 	 1.040 	 53.382
0.3088203 	 3.9930729 	 234.5491 	 1.042 	 53.365
0.3175001 	 4.1792166 	 242.7227 	 1.044 	 53.347
0.3259067 	 4.3703294 	 252.7679 	 1.045 	 53.338
0.3340485 	 4.5643898 	 262.4878 	 1.048 	 53.342
0.3419427 	 4.7619645 	 273.3475 	 1.051 	 53.313
0.3495955 	 4.9636115 	 281.5467 	 1.053 	 53.293
0.3570166 	 5.1695113 	 290.9566 	 1.054 	 53.283
0.3642341 	 5.3794252 	 300.8365 	 1.056 	 53.271
0.3712464 	 5.5927969 	 309.7442 	 1.058 	 53.253
0.3780594 	 5.8129820 	 319.1177 	 1.060 	 53.232
0.3846838 	 6.0346772 	 330.5092 	 1.061 	 53.230
0.3911311 	 6.2608117 	 340.9219 	 1.063 	 53.219
0.3974007 	 6.4892525 	 349.8328 	 1.064 	 53.199
0.4035043 	 6.7248079 	 361.9163 	 1.066 	 53.202
0.4094559 	 6.9635921 	 371.9187 	 1.069 	 53.188
0.4152534 	 7.2055433 	 384.5376 	 1.070 	 53.176
0.4209015 	 7.4487795 	 397.2361 	 1.072 	 53.153
0.4264120 	 7.6976701 	 405.6477 	 1.072 	 53.152
0.4317845 	 7.9534940 	 420.2302 	 1.075 	 53.117
0.4370301 	 8.2093615 	 432.4976 	 1.076 	 53.106
0.4421477 	 8.4694219 	 445.0654 	 1.077 	 53.096
0.4471442 	 8.7331447 	 453.4808 	 1.079 	 53.080
0.4520275 	 9.0013156 	 465.7673 	 1.079 	 53.072
0.4568000 	 9.2765919 	 478.7417 	 1.080 	 53.074
0.4614619 	 9.5517616 	 482.9743 	 1.081 	 53.043
0.4660236 	 9.8305185 	 493.8932 	 1.082 	 53.039
0.4704869 	 10.1104266 	 504.2366 	 1.083 	 53.016
0.4748535 	 10.4005308 	 518.7983 	 1.083 	 53.019
0.4791277 	 10.6906794 	 532.7020 	 1.085 	 53.001
0.4833097 	 10.9877105 	 541.0378 	 1.085 	 53.024
0.4874037 	 11.2802489 	 553.3847 	 1.087 	 52.978
0.4914135 	 11.5865336 	 563.2555 	 1.087 	 52.998
0.4953407 	 11.8938811 	 571.1160 	 1.089 	 52.983
0.4991901 	 12.1993497 	 582.1594 	 1.088 	 52.945
0.5029638 	 12.5176877 	 594.3741 	 1.089 	 52.942
0.5066624 	 12.8320310 	 608.4042 	 1.090 	 52.930
0.5102853 	 13.1492502 	 623.6563 	 1.090 	 52.919
0.5138417 	 13.4752343 	 632.6608 	 1.090 	 52.943
0.5173296 	 13.8008573 	 649.3279 	 1.091 	 52.901
0.5207491 	 14.1409227 	 663.1256 	 1.092 	 52.912
0.5241054 	 14.4745734 	 674.6713 	 1.090 	 52.906
0.5273996 	 14.8155216 	 683.5014 	 1.090 	 52.879
0.5306306 	 15.1600515 	 702.7242 	 1.090 	 52.851
0.5338044 	 15.5134212 	 715.4988 	 1.091 	 52.861
0.5369199 	 15.8637665 	 726.9408 	 1.090 	 52.848
0.5399797 	 16.2226940 	 741.9551 	 1.088 	 52.852
0.5429822 	 16.5828669 	 764.9528 	 1.089 	 52.842
0.5459347 	 16.9433337 	 793.4498 	 1.089 	 52.803
0.5488365 	 17.3144454 	 840.0164 	 1.088 	 52.810
0.5516874 	 17.6842979 	 891.9379 	 1.087 	 52.826
0.5544884 	 18.0578499 	 966.0576 	 1.085 	 52.792
0.5572421 	 18.4486428 	 1088.8454 	 1.085 	 52.819
0.5599498 	 18.8304949 	 1258.4845 	 1.084 	 52.815
0.5626118 	 19.2242470 	 1496.0852 	 1.083 	 52.785
0.5652282 	 19.6272171 	 1800.1152 	 1.082 	 52.804
0.5678010 	 20.0229886 	 2306.6259 	 1.081 	 52.769
0.5703288 	 20.4467917 	 3019.6373 	 1.080 	 52.800
0.5728134 	 20.8721929 	 4048.7945 	 1.079 	 52.786
0.5752557 	 21.3263387 	 5467.4650 	 1.079 	 52.793
0.5776511 	 21.7932014 	 7202.9675 	 1.078 	 52.801
0.5800032 	 22.2916101 	 9282.0369 	 1.077 	 52.818
0.5823092 	 22.8043612 	 11645.8283 	 1.075 	 52.802
0.5845671 	 23.3466799 	 14660.6483 	 1.075 	 52.807
0.5867785 	 23.9124938 	 18333.0710 	 1.073 	 52.804
0.5889453 	 24.4916050 	 22941.1802 	 1.071 	 52.823
0.5910643 	 25.0782193 	 29352.1572 	 1.068 	 52.819
0.5931395 	 25.6915754 	 38920.9468 	 1.064 	 52.867
0.5951709 	 26.3140406 	 53312.8821 	 1.058 	 52.916
0.5971615 	 26.9260288 	 75882.2433 	 1.050 	 52.961
0.5991114 	 27.5477727 	 107185.4174 	 1.042 	 52.991
0.6010204 	 28.1887637 	 149186.3342 	 1.034 	 53.029
0.6028888 	 28.8739509 	 200248.3586 	 1.026 	 53.082
0.6047168 	 29.5956375 	 255993.3501 	 1.019 	 53.124
0.6065037 	 30.3675754 	 311783.1952 	 1.015 	 53.153
0.6082464 	 31.2018554 	 368444.3399 	 1.013 	 53.193
0.6099449 	 32.0868998 	 426625.1872 	 1.011 	 53.208
0.6115989 	 33.0310392 	 478646.0016 	 1.011 	 53.222
0.6132090 	 34.0298885 	 530645.3012 	 1.013 	 53.270
0.6147751 	 35.0707451 	 577595.1462 	 1.016 	 53.262
0.6162952 	 36.1591933 	 617398.9321 	 1.018 	 53.244
0.6177707 	 37.3054052 	 656508.3254 	 1.023 	 53.270
0.6192041 	 38.5013293 	 689527.1439 	 1.027 	 53.269
0.6205937 	 39.7376611 	 722026.5434 	 1.030 	 53.295
0.6219428 	 41.0292563 	 751777.3214 	 1.036 	 53.301
0.6232510 	 42.3630752 	 776065.0470 	 1.040 	 53.316
0.6245197 	 43.7489849 	 793968.0707 	 1.044 	 53.333
0.6257502 	 45.1663514 	 812026.6021 	 1.048 	 53.342
0.6269455 	 46.6251569 	 825888.8235 	 1.053 	 53.344
0.6281025 	 48.1226082 	 837026.3568 	 1.057 	 53.330
0.6292237 	 49.6844808 	 843189.5164 	 1.060 	 53.339
