N=60 	 R=1000000 	 s=1 	 Save [density, Z, rho_t, like/unlike, events per sweep]
0.0002276 	 1.0008574 	 1.1027 	 0.998 	 7.113
0.0220662 	 1.1833818 	 11.9674 	 0.961 	 35.121
0.0428618 	 1.2259666 	 22.5208 	 0.998 	 47.981
0.0625819 	 1.3035050 	 33.0603 	 1.006 	 51.547
0.0812828 	 1.3960995 	 42.9911 	 1.008 	 52.663
0.0990859 	 1.4969377 	 53.3485 	 1.010 	 53.138
0.1160310 	 1.6044176 	 63.3358 	 1.011 	 53.363
0.1322096 	 1.7181168 	 73.4275 	 1.013 	 53.460
0.1476525 	 1.8363475 	 83.7003 	 1.015 	 53.582
0.1624022 	 1.9618958 	 94.5175 	 1.017 	 53.585
0.1765258 	 2.0919246 	 104.2880 	 1.020 	 53.564
0.1900584 	 2.2260746 	 114.8014 	 1.021 	 53.499
0.2030342 	 2.3654687 	 125.7424 	 1.023 	 53.502
0.2154932 	 2.5090167 	 136.8645 	 1.025 	 53.501
0.2274660 	 2.6570735 	 146.3373 	 1.027 	 53.469
0.2389706 	 2.8086540 	 157.0609 	 1.029 	 53.436
0.2500508 	 2.9653892 	 167.0493 	 1.031 	 53.437
0.2607234 	 3.1259048 	 178.0017 	 1.033 	 53.427
0.2710223 	 3.2905492 	 188.8457 	 1.035 	 53.420
0.2809593 	 3.4607528 	 199.5360 	 1.037 	 53.408
0.2905507 	 3.6335843 	 210.7208 	 1.039 	 53.394
0.2998149 	 3.8108113 	 221.8306 	 1.041 	 53.371
0.3087815 	 3.9919353 	 231.6231 	 1.042 	 53.348
0.3174591 	 4.1785003 	 241.8653 	 1.044 	 53.342
0.3258615 	 4.3688103 	 253.1171 	 1.046 	 53.347
0.3339971 	 4.5622672 	 262.1652 	 1.048 	 53.321
0.3418905 	 4.7602602 	 272.7145 	 1.051 	 53.306
0.3495457 	 4.9639781 	 283.3538 	 1.052 	 53.304
0.3569753 	 5.1681082 	 292.8261 	 1.054 	 53.281
0.3641934 	 5.3784879 	 305.2228 	 1.057 	 53.282
0.3712020 	 5.5929864 	 313.9478 	 1.058 	 53.258
0.3780145 	 5.8107894 	 322.0831 	 1.059 	 53.256
0.3846395 	 6.0328433 	 332.4563 	 1.060 	 53.245
0.3910854 	 6.2601309 	 343.4163 	 1.063 	 53.225
0.3973608 	 6.4886182 	 356.2754 	 1.064 	 53.212
0.4034717 	 6.7225920 	 367.1183 	 1.067 	 53.195
0.4094183 	 6.9596748 	 380.3134 	 1.068 	 53.171
0.4152153 	 7.2012767 	 392.9171 	 1.070 	 53.162
0.4208659 	 7.4487044 	 401.4327 	 1.072 	 53.173
0.4263767 	 7.6984616 	 414.7930 	 1.073 	 53.142
0.4317514 	 7.9506373 	 425.5795 	 1.074 	 53.128
0.4369958 	 8.2062602 	 435.2185 	 1.076 	 53.089
0.4421150 	 8.4657041 	 441.6627 	 1.076 	 53.086
0.4471167 	 8.7328947 	 451.0621 	 1.077 	 53.091
0.4520017 	 9.0008364 	 458.8141 	 1.079 	 53.070
0.4567759 	 9.2716889 	 470.4667 	 1.081 	 53.049
0.4614448 	 9.5471511 	 482.1674 	 1.081 	 53.039
0.4660098 	 9.8297922 	 491.5894 	 1.082 	 53.048
0.4704699 	 10.1097702 	 499.7608 	 1.084 	 53.041
0.4748334 	 10.3947845 	 514.3012 	 1.084 	 53.012
0.4791062 	 10.6877887 	 522.0319 	 1.085 	 53.002
0.4832900 	 10.9860880 	 533.4546 	 1.086 	 52.996
0.4873858 	 11.2830049 	 541.6226 	 1.086 	 52.992
0.4913946 	 11.5828967 	 552.2529 	 1.087 	 52.978
0.4953236 	 11.8928126 	 562.2747 	 1.086 	 52.971
0.4991733 	 12.1983876 	 574.7690 	 1.088 	 52.958
0.5029439 	 12.5085879 	 583.2993 	 1.089 	 52.943
0.5066410 	 12.8313283 	 596.6519 	 1.089 	 52.926
0.5102648 	 13.1512512 	 607.6314 	 1.090 	 52.913
0.5138198 	 13.4763898 	 617.6049 	 1.091 	 52.913
0.5173064 	 13.8064515 	 631.2154 	 1.090 	 52.910
0.5207257 	 14.1339885 	 645.5630 	 1.090 	 52.882
0.5240811 	 14.4765201 	 653.1559 	 1.091 	 52.870
0.5273739 	 14.8175053 	 671.1536 	 1.091 	 52.886
0.5306055 	 15.1570147 	 685.8797 	 1.090 	 52.849
0.5337808 	 15.5134168 	 701.4399 	 1.091 	 52.864
0.5368981 	 15.8630728 	 716.2662 	 1.090 	 52.864
0.5399591 	 16.2179408 	 738.1543 	 1.089 	 52.846
0.5429647 	 16.5742258 	 763.6879 	 1.088 	 52.827
0.5459196 	 16.9356837 	 796.7705 	 1.088 	 52.836
0.5488223 	 17.3047147 	 843.0392 	 1.086 	 52.821
0.5516755 	 17.6779959 	 899.5651 	 1.086 	 52.815
0.5544796 	 18.0592216 	 991.5674 	 1.084 	 52.813
0.5572351 	 18.4352886 	 1148.6359 	 1.082 	 52.797
0.5599460 	 18.8141580 	 1442.1266 	 1.079 	 52.811
0.5626107 	 19.1941749 	 1999.0224 	 1.077 	 52.792
0.5652308 	 19.5879404 	 3068.1415 	 1.073 	 52.793
0.5678105 	 19.9708679 	 4926.0578 	 1.069 	 52.790
0.5703471 	 20.3602285 	 8248.5946 	 1.063 	 52.794
0.5728451 	 20.7461417 	 13960.6387 	 1.056 	 52.761
0.5753056 	 21.1449235 	 22300.3097 	 1.050 	 52.778
0.5777278 	 21.5640928 	 33475.2757 	 1.043 	 52.785
0.5801091 	 22.0046341 	 48274.2877 	 1.036 	 52.796
0.5824496 	 22.4701070 	 65375.1033 	 1.030 	 52.800
0.5847488 	 22.9593149 	 85401.1007 	 1.025 	 52.822
0.5870021 	 23.4868522 	 107456.1666 	 1.020 	 52.821
0.5892092 	 24.0636270 	 132173.9072 	 1.018 	 52.848
0.5913688 	 24.6723925 	 158173.1454 	 1.015 	 52.857
0.5934779 	 25.3210335 	 184637.4621 	 1.014 	 52.882
0.5955381 	 26.0010729 	 210372.3593 	 1.014 	 52.902
0.5975499 	 26.7442351 	 234635.6955 	 1.015 	 52.934
0.5995101 	 27.5108694 	 257889.1941 	 1.016 	 52.915
0.6014177 	 28.3340794 	 279082.3428 	 1.017 	 52.939
0.6032715 	 29.1862928 	 299498.8301 	 1.018 	 52.935
0.6050763 	 30.0698779 	 319956.7656 	 1.020 	 52.923
0.6068308 	 31.0036142 	 339680.6009 	 1.022 	 52.930
0.6085349 	 31.9748796 	 357317.9912 	 1.024 	 52.941
0.6101916 	 32.9811457 	 376648.5876 	 1.027 	 52.952
0.6117996 	 34.0256330 	 396921.4689 	 1.028 	 52.959
0.6133606 	 35.0927861 	 419097.9982 	 1.029 	 52.949
0.6148765 	 36.1976805 	 443244.3099 	 1.029 	 52.944
0.6163480 	 37.3476449 	 469166.7314 	 1.030 	 52.960
0.6177756 	 38.5330568 	 498887.8527 	 1.031 	 52.963
0.6191625 	 39.7510423 	 528124.9835 	 1.031 	 52.972
0.6205089 	 40.9763893 	 562277.7486 	 1.031 	 52.954
0.6218158 	 42.2688225 	 599221.1753 	 1.031 	 52.950
0.6230856 	 43.5985227 	 633248.6131 	 1.030 	 52.961
0.6243178 	 44.9473094 	 667131.5484 	 1.030 	 52.956
0.6255144 	 46.3603505 	 695724.6879 	 1.031 	 52.964
0.6266761 	 47.8494667 	 719817.0630 	 1.031 	 52.961
0.6278032 	 49.3693041 	 738176.7315 	 1.032 	 52.983
0.6288964 	 50.9180402 	 750546.3592 	 1.033 	 52.956
0.6299570 	 52.5411314 	 757073.1726 	 1.035 	 52.986
