N=60 	 R=1000000 	 s=1 	 Save [density, Z, rho_t, like/unlike, events per sweep]
0.0002260 	 1.0008564 	 1.1027 	 0.987 	 7.113
0.0220552 	 1.1834055 	 12.0095 	 0.960 	 35.130
0.0428440 	 1.2258612 	 22.4633 	 0.998 	 47.976
0.0625722 	 1.3033563 	 33.1730 	 1.006 	 51.538
0.0812936 	 1.3960733 	 43.2858 	 1.008 	 52.639
0.0990922 	 1.4966696 	 53.4074 	 1.010 	 53.144
0.1160610 	 1.6044608 	 63.6337 	 1.011 	 53.354
0.1322451 	 1.7185372 	 74.3321 	 1.013 	 53.485
0.1476995 	 1.8367522 	 84.2783 	 1.015 	 53.592
0.1624545 	 1.9624265 	 94.8738 	 1.017 	 53.574
0.1765624 	 2.0924458 	 105.9246 	 1.019 	 53.560
0.1900862 	 2.2268209 	 116.3974 	 1.021 	 53.529
0.2030673 	 2.3658354 	 127.6580 	 1.024 	 53.514
0.2155305 	 2.5088841 	 138.5912 	 1.025 	 53.476
0.2275043 	 2.6570876 	 149.0411 	 1.028 	 53.476
0.2390234 	 2.8095699 	 159.1122 	 1.029 	 53.465
0.2501054 	 2.9659940 	 169.3410 	 1.031 	 53.439
0.2607708 	 3.1270032 	 179.6072 	 1.033 	 53.440
0.2710673 	 3.2916327 	 190.2150 	 1.035 	 53.420
0.2810048 	 3.4608087 	 199.9244 	 1.037 	 53.398
0.2905966 	 3.6345801 	 210.5983 	 1.038 	 53.391
0.2998632 	 3.8119731 	 220.0348 	 1.040 	 53.376
0.3088342 	 3.9931160 	 231.3793 	 1.042 	 53.350
0.3175125 	 4.1808135 	 242.3930 	 1.044 	 53.376
0.3259140 	 4.3694326 	 255.1851 	 1.047 	 53.326
0.3340549 	 4.5633246 	 267.5006 	 1.048 	 53.331
0.3419499 	 4.7604114 	 280.3042 	 1.051 	 53.291
0.3496024 	 4.9637894 	 290.9709 	 1.052 	 53.301
0.3570285 	 5.1703505 	 301.4576 	 1.054 	 53.294
0.3642397 	 5.3805825 	 312.1852 	 1.057 	 53.260
0.3712446 	 5.5936290 	 322.1234 	 1.058 	 53.258
0.3780597 	 5.8129211 	 331.4077 	 1.060 	 53.253
0.3846819 	 6.0338364 	 344.6807 	 1.061 	 53.229
0.3911268 	 6.2599453 	 355.1941 	 1.063 	 53.222
0.3973971 	 6.4908242 	 364.2200 	 1.066 	 53.210
0.4035062 	 6.7278804 	 374.7614 	 1.067 	 53.222
0.4094544 	 6.9617644 	 387.0215 	 1.069 	 53.172
0.4152492 	 7.2035329 	 395.6386 	 1.071 	 53.173
0.4208981 	 7.4488048 	 407.6047 	 1.072 	 53.155
0.4264062 	 7.6974721 	 416.0848 	 1.072 	 53.133
0.4317817 	 7.9557169 	 423.4726 	 1.075 	 53.165
0.4370296 	 8.2086115 	 437.3263 	 1.076 	 53.118
0.4421531 	 8.4723879 	 452.5236 	 1.077 	 53.099
0.4471568 	 8.7354987 	 465.6787 	 1.079 	 53.104
0.4520437 	 9.0016580 	 474.0843 	 1.080 	 53.043
0.4568211 	 9.2772181 	 485.1736 	 1.080 	 53.068
0.4614897 	 9.5549793 	 497.0426 	 1.081 	 53.066
0.4660503 	 9.8284193 	 508.4978 	 1.082 	 53.038
0.4705156 	 10.1139151 	 519.7199 	 1.083 	 53.032
0.4748824 	 10.3983407 	 531.6743 	 1.085 	 53.006
0.4791543 	 10.6907316 	 538.5556 	 1.086 	 53.001
0.4833350 	 10.9923054 	 544.9950 	 1.086 	 53.018
0.4874247 	 11.2871393 	 556.5618 	 1.087 	 53.003
0.4914360 	 11.5872427 	 568.4582 	 1.087 	 52.980
0.4953660 	 11.8952267 	 574.7868 	 1.088 	 52.966
0.4992157 	 12.2049883 	 586.6501 	 1.089 	 52.952
0.5029868 	 12.5134323 	 595.4574 	 1.090 	 52.928
0.5066835 	 12.8346569 	 605.3174 	 1.090 	 52.934
0.5103073 	 13.1580654 	 619.0477 	 1.091 	 52.912
0.5138624 	 13.4844064 	 626.3354 	 1.090 	 52.921
0.5173467 	 13.8123677 	 635.8371 	 1.092 	 52.923
0.5207661 	 14.1435845 	 654.0042 	 1.091 	 52.885
0.5241216 	 14.4876383 	 666.0147 	 1.091 	 52.898
0.5274125 	 14.8214276 	 678.8968 	 1.092 	 52.876
0.5306448 	 15.1672512 	 692.6405 	 1.090 	 52.882
0.5338175 	 15.5195133 	 704.8078 	 1.090 	 52.860
0.5369332 	 15.8721979 	 719.2434 	 1.090 	 52.848
0.5399888 	 16.2285077 	 734.2010 	 1.090 	 52.856
0.5429931 	 16.5960133 	 759.1541 	 1.091 	 52.854
0.5459453 	 16.9597143 	 783.2980 	 1.090 	 52.834
0.5488429 	 17.3224682 	 819.9789 	 1.089 	 52.806
0.5516927 	 17.7028831 	 864.1025 	 1.088 	 52.815
0.5544911 	 18.0834756 	 921.4107 	 1.087 	 52.811
0.5572417 	 18.4695503 	 1006.0607 	 1.087 	 52.816
0.5599460 	 18.8627815 	 1129.4806 	 1.085 	 52.825
0.5626052 	 19.2705184 	 1305.1179 	 1.084 	 52.812
0.5652156 	 19.6692849 	 1576.8516 	 1.082 	 52.814
0.5677823 	 20.0805236 	 1964.4873 	 1.081 	 52.795
0.5703046 	 20.5032470 	 2556.1608 	 1.078 	 52.781
0.5727810 	 20.9418643 	 3435.4061 	 1.075 	 52.797
0.5752134 	 21.3984600 	 4646.7527 	 1.070 	 52.786
0.5776009 	 21.8671087 	 6278.9927 	 1.067 	 52.763
0.5799440 	 22.3732260 	 8254.5561 	 1.062 	 52.775
0.5822414 	 22.8826515 	 10535.5918 	 1.058 	 52.762
0.5844913 	 23.4319279 	 13342.0395 	 1.053 	 52.758
0.5866947 	 24.0116134 	 16631.8590 	 1.048 	 52.783
0.5888512 	 24.5944147 	 20307.3661 	 1.043 	 52.769
0.5909616 	 25.2207503 	 24560.2577 	 1.038 	 52.773
0.5930255 	 25.8579574 	 29660.7724 	 1.033 	 52.770
0.5950411 	 26.5118497 	 35560.5848 	 1.029 	 52.754
0.5970105 	 27.1792754 	 41744.8875 	 1.024 	 52.753
0.5989376 	 27.8867824 	 49285.1851 	 1.022 	 52.767
0.6008190 	 28.6041872 	 58493.9047 	 1.018 	 52.771
0.6026585 	 29.3267304 	 69322.3470 	 1.014 	 52.747
0.6044565 	 30.1001014 	 83526.5237 	 1.012 	 52.763
0.6062125 	 30.8596893 	 98717.2727 	 1.009 	 52.738
0.6079261 	 31.6567773 	 116421.9682 	 1.005 	 52.742
0.6096012 	 32.4842598 	 136539.6358 	 1.003 	 52.742
0.6112376 	 33.3442477 	 154981.1407 	 1.000 	 52.729
0.6128331 	 34.2446661 	 172505.8727 	 0.998 	 52.721
0.6143896 	 35.1726389 	 187728.1353 	 0.997 	 52.681
0.6159062 	 36.1628786 	 199942.5702 	 0.995 	 52.674
0.6173835 	 37.1942440 	 209510.7599 	 0.995 	 52.667
0.6188223 	 38.2518748 	 216597.7573 	 0.995 	 52.643
0.6202229 	 39.3934876 	 218253.1560 	 0.996 	 52.641
0.6215852 	 40.5697631 	 218876.4577 	 0.997 	 52.616
0.6229095 	 41.7579672 	 217195.7526 	 0.997 	 52.564
0.6241980 	 43.0225322 	 216027.8454 	 0.997 	 52.550
0.6254497 	 44.2993523 	 215687.8083 	 0.999 	 52.516
0.6266680 	 45.6397960 	 218397.2716 	 1.001 	 52.490
0.6278519 	 47.0104579 	 225436.2557 	 1.003 	 52.464
0.6290025 	 48.4125731 	 235206.6621 	 1.004 	 52.435
