N=60 	 R=1000000 	 s=1 	 Save [density, Z, rho_t, like/unlike, events per sweep]
0.0002257 	 1.0008544 	 1.1026 	 0.988 	 7.113
0.0220568 	 1.1830844 	 11.9595 	 0.961 	 35.144
0.0428451 	 1.2259832 	 22.6939 	 0.997 	 47.959
0.0625655 	 1.3034893 	 33.0917 	 1.007 	 51.551
0.0813014 	 1.3962110 	 43.7723 	 1.009 	 52.661
0.0990857 	 1.4966975 	 54.0272 	 1.009 	 53.150
0.1160441 	 1.6042593 	 64.7255 	 1.011 	 53.364
0.1322025 	 1.7182757 	 74.9479 	 1.013 	 53.474
0.1476465 	 1.8363260 	 85.6482 	 1.015 	 53.580
0.1624176 	 1.9616086 	 96.4129 	 1.016 	 53.566
0.1765464 	 2.0920296 	 107.0452 	 1.019 	 53.539
0.1900830 	 2.2267687 	 117.7327 	 1.021 	 53.510
0.2030505 	 2.3655641 	 127.9601 	 1.023 	 53.508
0.2155196 	 2.5089871 	 138.2014 	 1.026 	 53.495
0.2274874 	 2.6570841 	 148.5153 	 1.027 	 53.483
0.2390008 	 2.8094677 	 156.8600 	 1.029 	 53.466
0.2500745 	 2.9658856 	 166.4979 	 1.031 	 53.451
0.2607527 	 3.1265960 	 175.6945 	 1.033 	 53.444
0.2710546 	 3.2917015 	 186.2518 	 1.034 	 53.416
0.2809895 	 3.4610631 	 196.7832 	 1.036 	 53.406
0.2905839 	 3.6348011 	 206.8081 	 1.039 	 53.401
0.2998648 	 3.8124048 	 217.0181 	 1.041 	 53.385
0.3088309 	 3.9942893 	 228.1699 	 1.042 	 53.395
0.3175042 	 4.1790574 	 237.4399 	 1.045 	 53.326
0.3259102 	 4.3694987 	 246.9180 	 1.046 	 53.349
0.3340486 	 4.5639858 	 258.1561 	 1.049 	 53.312
0.3419471 	 4.7631369 	 268.3873 	 1.051 	 53.319
0.3496005 	 4.9635196 	 278.2272 	 1.052 	 53.306
0.3570310 	 5.1696061 	 287.5121 	 1.054 	 53.283
0.3642422 	 5.3809884 	 298.1945 	 1.056 	 53.295
0.3712448 	 5.5968266 	 310.5027 	 1.057 	 53.283
0.3780607 	 5.8131881 	 318.7024 	 1.061 	 53.261
0.3846863 	 6.0313434 	 332.7685 	 1.062 	 53.202
0.3911316 	 6.2597209 	 344.6253 	 1.063 	 53.221
0.3974053 	 6.4903555 	 355.5586 	 1.066 	 53.208
0.4035098 	 6.7233039 	 366.0768 	 1.067 	 53.194
0.4094594 	 6.9612882 	 378.5313 	 1.068 	 53.178
0.4152519 	 7.2038504 	 386.4327 	 1.070 	 53.171
0.4209029 	 7.4501973 	 400.1475 	 1.072 	 53.154
0.4264138 	 7.7000356 	 408.4153 	 1.073 	 53.154
0.4317875 	 7.9511796 	 418.6823 	 1.073 	 53.122
0.4370274 	 8.2093928 	 427.6614 	 1.075 	 53.109
0.4421508 	 8.4695638 	 438.0463 	 1.077 	 53.092
0.4471522 	 8.7338708 	 448.9846 	 1.078 	 53.082
0.4520368 	 9.0006393 	 456.8398 	 1.079 	 53.059
0.4568095 	 9.2764867 	 469.6249 	 1.082 	 53.054
0.4614746 	 9.5533383 	 480.9074 	 1.081 	 53.059
0.4660389 	 9.8318578 	 492.0664 	 1.083 	 53.037
0.4705050 	 10.1119015 	 505.3289 	 1.083 	 53.009
0.4748727 	 10.4027267 	 514.9098 	 1.085 	 53.036
0.4791455 	 10.6972710 	 525.7985 	 1.086 	 53.016
0.4833259 	 10.9859176 	 533.4102 	 1.087 	 53.012
0.4874191 	 11.2901697 	 542.3619 	 1.088 	 52.999
0.4914270 	 11.5885550 	 552.4646 	 1.089 	 52.991
0.4953541 	 11.8945657 	 563.3862 	 1.089 	 52.963
0.4992012 	 12.2072434 	 571.6410 	 1.089 	 52.965
0.5029693 	 12.5170195 	 585.3602 	 1.090 	 52.939
0.5066664 	 12.8349751 	 598.0759 	 1.090 	 52.929
0.5102903 	 13.1547479 	 608.5296 	 1.090 	 52.924
0.5138460 	 13.4817534 	 627.7839 	 1.090 	 52.903
0.5173321 	 13.8108039 	 637.4248 	 1.091 	 52.923
0.5207542 	 14.1391182 	 649.5449 	 1.090 	 52.883
0.5241088 	 14.4744170 	 662.5389 	 1.091 	 52.884
0.5274024 	 14.8151514 	 673.3188 	 1.091 	 52.876
0.5306343 	 15.1663395 	 692.2766 	 1.091 	 52.892
0.5338081 	 15.5058185 	 710.0944 	 1.091 	 52.866
0.5369253 	 15.8640035 	 725.8481 	 1.091 	 52.868
0.5399868 	 16.2125475 	 750.4984 	 1.091 	 52.840
0.5429935 	 16.5754016 	 779.2621 	 1.090 	 52.831
0.5459467 	 16.9378818 	 813.7655 	 1.089 	 52.836
0.5488489 	 17.2967586 	 850.1001 	 1.089 	 52.804
0.5517035 	 17.6774664 	 906.1910 	 1.088 	 52.830
0.5545079 	 18.0497408 	 992.5862 	 1.085 	 52.825
0.5572650 	 18.4382769 	 1116.9495 	 1.084 	 52.812
0.5599736 	 18.8112787 	 1282.9833 	 1.082 	 52.805
0.5626383 	 19.1984457 	 1530.2490 	 1.081 	 52.802
0.5652597 	 19.5919999 	 1932.8902 	 1.080 	 52.806
0.5678365 	 19.9999160 	 2507.6156 	 1.077 	 52.799
0.5703689 	 20.3995270 	 3352.2237 	 1.075 	 52.792
0.5728610 	 20.8275535 	 4579.4765 	 1.074 	 52.801
0.5753080 	 21.2616636 	 6574.9772 	 1.073 	 52.786
0.5777152 	 21.7145710 	 9355.3721 	 1.073 	 52.785
0.5800768 	 22.1808557 	 13693.5439 	 1.072 	 52.797
0.5823977 	 22.6583601 	 19618.8693 	 1.073 	 52.797
0.5846741 	 23.1615034 	 27485.4963 	 1.075 	 52.753
0.5869084 	 23.6974387 	 37388.4315 	 1.078 	 52.781
0.5890962 	 24.2658770 	 48699.0675 	 1.082 	 52.795
0.5912393 	 24.8494550 	 60560.1327 	 1.087 	 52.767
0.5933355 	 25.4671121 	 73447.3262 	 1.091 	 52.765
0.5953880 	 26.1024318 	 86248.9259 	 1.097 	 52.766
0.5973923 	 26.7900336 	 97797.6507 	 1.102 	 52.793
0.5993489 	 27.4994272 	 108748.0790 	 1.106 	 52.800
0.6012616 	 28.2385015 	 120366.9936 	 1.110 	 52.815
0.6031257 	 29.0065663 	 133667.3721 	 1.113 	 52.822
0.6049426 	 29.8083892 	 149999.1863 	 1.115 	 52.857
0.6067157 	 30.6370844 	 170789.2457 	 1.115 	 52.849
0.6084429 	 31.5269626 	 196588.7555 	 1.114 	 52.892
0.6101250 	 32.4428888 	 224861.7385 	 1.112 	 52.894
0.6117637 	 33.4016633 	 259273.4851 	 1.111 	 52.939
0.6133554 	 34.4120353 	 298522.3472 	 1.109 	 52.951
0.6149033 	 35.4775959 	 340862.6138 	 1.107 	 52.961
0.6164063 	 36.5943573 	 387698.0957 	 1.106 	 52.976
0.6178657 	 37.7312925 	 433291.4482 	 1.105 	 53.003
0.6192815 	 38.9351643 	 478762.3110 	 1.105 	 53.004
0.6206570 	 40.1862102 	 521634.4404 	 1.106 	 52.988
0.6219908 	 41.4999351 	 567529.7431 	 1.107 	 53.017
0.6232839 	 42.8515051 	 610434.3647 	 1.107 	 53.023
0.6245375 	 44.2516169 	 647997.6905 	 1.109 	 53.021
0.6257526 	 45.7170267 	 686695.2186 	 1.112 	 53.030
0.6269298 	 47.2160148 	 723787.3817 	 1.115 	 53.032
0.6280711 	 48.8054193 	 754462.0039 	 1.118 	 53.058
0.6291780 	 50.4195240 	 784696.9849 	 1.121 	 53.037
