N=60 	 R=1000000 	 s=1 	 Save [density, Z, rho_t, like/unlike, events per sweep]
0.0002273 	 1.0008576 	 1.1027 	 0.986 	 7.113
0.0220633 	 1.1832474 	 12.0144 	 0.961 	 35.113
0.0428640 	 1.2259485 	 22.6646 	 0.999 	 47.972
0.0625828 	 1.3035484 	 33.0967 	 1.006 	 51.563
0.0813001 	 1.3962525 	 43.3439 	 1.008 	 52.645
0.0990910 	 1.4967190 	 53.7103 	 1.009 	 53.161
0.1160489 	 1.6043624 	 64.0473 	 1.011 	 53.347
0.1322135 	 1.7183216 	 74.2029 	 1.014 	 53.473
0.1476649 	 1.8363859 	 84.8998 	 1.015 	 53.601
0.1624381 	 1.9621016 	 95.6849 	 1.017 	 53.566
0.1765644 	 2.0919206 	 105.8939 	 1.019 	 53.532
0.1900935 	 2.2266509 	 116.4887 	 1.021 	 53.529
0.2030767 	 2.3658489 	 126.6666 	 1.023 	 53.509
0.2155285 	 2.5097347 	 136.9503 	 1.026 	 53.512
0.2274902 	 2.6575209 	 146.6568 	 1.028 	 53.472
0.2390066 	 2.8090278 	 158.2354 	 1.029 	 53.459
0.2500860 	 2.9662452 	 169.8955 	 1.031 	 53.457
0.2607594 	 3.1265764 	 179.8946 	 1.033 	 53.423
0.2710494 	 3.2913924 	 190.9682 	 1.035 	 53.415
0.2809775 	 3.4614562 	 201.4484 	 1.036 	 53.411
0.2905706 	 3.6352429 	 212.9088 	 1.039 	 53.414
0.2998283 	 3.8102796 	 223.6259 	 1.041 	 53.373
0.3087972 	 3.9938856 	 234.2209 	 1.043 	 53.388
0.3174710 	 4.1784097 	 245.7999 	 1.045 	 53.326
0.3258735 	 4.3692990 	 253.0768 	 1.046 	 53.332
0.3340142 	 4.5625477 	 262.3119 	 1.048 	 53.340
0.3419020 	 4.7610018 	 273.7533 	 1.050 	 53.325
0.3495614 	 4.9639677 	 284.1405 	 1.052 	 53.304
0.3569822 	 5.1675567 	 295.8208 	 1.054 	 53.285
0.3641982 	 5.3790495 	 307.2117 	 1.056 	 53.258
0.3712041 	 5.5929183 	 317.6017 	 1.058 	 53.261
0.3780208 	 5.8114193 	 327.4337 	 1.059 	 53.241
0.3846460 	 6.0334970 	 335.6696 	 1.062 	 53.223
0.3910931 	 6.2579749 	 346.7733 	 1.064 	 53.225
0.3973627 	 6.4894649 	 357.3147 	 1.066 	 53.216
0.4034660 	 6.7235150 	 369.6143 	 1.067 	 53.213
0.4094135 	 6.9600415 	 379.0186 	 1.068 	 53.184
0.4152101 	 7.2033492 	 390.4940 	 1.070 	 53.191
0.4208638 	 7.4470050 	 398.2090 	 1.070 	 53.142
0.4263758 	 7.7003670 	 410.1482 	 1.072 	 53.152
0.4317543 	 7.9487379 	 418.9185 	 1.074 	 53.114
0.4369999 	 8.2077214 	 428.4856 	 1.075 	 53.114
0.4421186 	 8.4680538 	 437.5448 	 1.076 	 53.115
0.4471189 	 8.7342197 	 443.5744 	 1.079 	 53.093
0.4520051 	 9.0028917 	 454.7487 	 1.079 	 53.100
0.4567791 	 9.2717980 	 460.0848 	 1.081 	 53.041
0.4614453 	 9.5496440 	 470.5995 	 1.082 	 53.077
0.4660122 	 9.8296310 	 481.4849 	 1.082 	 53.041
0.4704760 	 10.1114279 	 492.6767 	 1.084 	 53.024
0.4748437 	 10.4001911 	 500.5727 	 1.085 	 53.023
0.4791158 	 10.6889093 	 519.3468 	 1.085 	 53.003
0.4832964 	 10.9840760 	 533.9215 	 1.085 	 53.002
0.4873911 	 11.2825090 	 545.1557 	 1.087 	 52.984
0.4914030 	 11.5831514 	 558.2630 	 1.088 	 52.953
0.4953280 	 11.8872445 	 566.3261 	 1.088 	 52.958
0.4991756 	 12.2007840 	 576.1957 	 1.089 	 52.964
0.5029467 	 12.5151120 	 587.2085 	 1.090 	 52.958
0.5066409 	 12.8302263 	 600.6592 	 1.090 	 52.933
0.5102636 	 13.1502810 	 615.1521 	 1.089 	 52.926
0.5138167 	 13.4732136 	 622.1110 	 1.089 	 52.907
0.5173029 	 13.8081522 	 632.1239 	 1.090 	 52.908
0.5207255 	 14.1397463 	 645.8766 	 1.089 	 52.892
0.5240805 	 14.4781156 	 659.1682 	 1.090 	 52.890
0.5273734 	 14.8184482 	 676.8036 	 1.089 	 52.896
0.5306039 	 15.1601065 	 696.5752 	 1.088 	 52.870
0.5337765 	 15.5138504 	 708.2763 	 1.088 	 52.866
0.5368923 	 15.8665140 	 725.2839 	 1.088 	 52.856
0.5399512 	 16.2191732 	 748.7672 	 1.087 	 52.831
0.5429557 	 16.5752802 	 780.4185 	 1.087 	 52.842
0.5459097 	 16.9393171 	 814.0347 	 1.086 	 52.829
0.5488142 	 17.3021444 	 862.9696 	 1.084 	 52.827
0.5516656 	 17.6670699 	 926.0388 	 1.083 	 52.811
0.5544692 	 18.0469017 	 1010.6231 	 1.081 	 52.810
0.5572236 	 18.4299044 	 1109.9184 	 1.078 	 52.794
0.5599318 	 18.8310094 	 1249.3629 	 1.076 	 52.825
0.5625957 	 19.2238783 	 1443.7565 	 1.074 	 52.795
0.5652115 	 19.6174089 	 1727.0020 	 1.072 	 52.783
0.5677831 	 20.0342086 	 2153.7978 	 1.069 	 52.785
0.5703095 	 20.4578614 	 2711.9095 	 1.067 	 52.786
0.5727931 	 20.8728477 	 3507.8963 	 1.064 	 52.770
0.5752348 	 21.3190267 	 4659.9480 	 1.062 	 52.754
0.5776345 	 21.7774375 	 6361.9140 	 1.060 	 52.760
0.5799911 	 22.2247627 	 9004.9127 	 1.058 	 52.758
0.5823055 	 22.6760445 	 14155.9461 	 1.058 	 52.753
0.5845849 	 23.1258513 	 24751.6398 	 1.060 	 52.767
0.5868265 	 23.5361117 	 48621.6381 	 1.065 	 52.805
0.5890390 	 23.9132838 	 95330.8742 	 1.074 	 52.822
0.5912241 	 24.2694270 	 176345.0911 	 1.085 	 52.859
0.5933825 	 24.6386019 	 295232.1074 	 1.098 	 52.930
0.5955166 	 25.0484816 	 443238.0307 	 1.112 	 52.978
0.5976157 	 25.5216147 	 589713.8972 	 1.125 	 53.010
0.5996790 	 26.1182445 	 713975.2874 	 1.136 	 53.064
0.6016986 	 26.7819723 	 811655.1405 	 1.143 	 53.100
0.6036693 	 27.5166972 	 880087.4061 	 1.148 	 53.119
0.6055889 	 28.3454875 	 924840.7948 	 1.153 	 53.156
0.6074559 	 29.1966610 	 952368.0912 	 1.158 	 53.145
0.6092717 	 30.1121389 	 970891.7278 	 1.161 	 53.131
0.6110344 	 31.0670996 	 982283.3221 	 1.163 	 53.133
0.6127461 	 32.0731205 	 988733.5600 	 1.167 	 53.122
0.6144084 	 33.0962764 	 992411.9965 	 1.169 	 53.096
0.6160201 	 34.1843980 	 995108.7240 	 1.172 	 53.115
0.6175831 	 35.3164257 	 997118.3554 	 1.173 	 53.129
0.6190979 	 36.4798269 	 998089.0675 	 1.175 	 53.128
0.6205653 	 37.6716439 	 998672.5569 	 1.178 	 53.088
0.6219883 	 38.9293991 	 999084.2937 	 1.181 	 53.099
0.6233680 	 40.2219818 	 999446.1073 	 1.182 	 53.087
0.6247060 	 41.5535171 	 999516.0849 	 1.185 	 53.073
0.6260009 	 42.9579234 	 999658.0454 	 1.187 	 53.083
0.6272561 	 44.4005020 	 999824.0119 	 1.190 	 53.069
0.6284725 	 45.8913446 	 999886.0052 	 1.193 	 53.045
0.6296501 	 47.4525456 	 999912.0036 	 1.196 	 53.048
