N=60 	 R=1000000 	 s=1 	 Save [density, Z, rho_t, like/unlike, events per sweep]
0.0002258 	 1.0008562 	 1.1026 	 0.992 	 7.113
0.0220817 	 1.1832194 	 12.0289 	 0.961 	 35.139
0.0428881 	 1.2262111 	 22.4904 	 0.998 	 47.989
0.0625886 	 1.3035244 	 32.9828 	 1.007 	 51.558
0.0813160 	 1.3961839 	 43.5225 	 1.009 	 52.642
0.0991068 	 1.4967291 	 54.3940 	 1.010 	 53.121
0.1160609 	 1.6045571 	 64.6578 	 1.011 	 53.374
0.1322348 	 1.7185423 	 75.0228 	 1.013 	 53.467
0.1476747 	 1.8366322 	 85.0116 	 1.015 	 53.596
0.1624350 	 1.9620230 	 96.1538 	 1.016 	 53.576
0.1765677 	 2.0922045 	 106.4499 	 1.018 	 53.545
0.1900952 	 2.2269671 	 116.4948 	 1.021 	 53.530
0.2030639 	 2.3656682 	 127.0730 	 1.023 	 53.506
0.2155104 	 2.5093336 	 136.6977 	 1.025 	 53.491
0.2274855 	 2.6570646 	 146.6765 	 1.027 	 53.476
0.2390023 	 2.8094303 	 157.3785 	 1.029 	 53.461
0.2500862 	 2.9662488 	 167.4810 	 1.031 	 53.447
0.2607649 	 3.1261371 	 178.6847 	 1.033 	 53.418
0.2710588 	 3.2921271 	 188.0082 	 1.036 	 53.439
0.2809890 	 3.4609860 	 198.1589 	 1.037 	 53.400
0.2905822 	 3.6352223 	 207.9812 	 1.039 	 53.395
0.2998536 	 3.8115209 	 217.6915 	 1.041 	 53.383
0.3088075 	 3.9939526 	 228.7471 	 1.042 	 53.375
0.3174801 	 4.1788048 	 236.4705 	 1.045 	 53.341
0.3258782 	 4.3693995 	 246.7445 	 1.047 	 53.359
0.3340154 	 4.5621728 	 258.5920 	 1.048 	 53.310
0.3419099 	 4.7609735 	 268.0669 	 1.051 	 53.312
0.3495701 	 4.9631257 	 277.6397 	 1.052 	 53.303
0.3569993 	 5.1680261 	 287.9580 	 1.054 	 53.279
0.3642128 	 5.3793402 	 299.3808 	 1.056 	 53.273
0.3712166 	 5.5931422 	 309.5683 	 1.058 	 53.251
0.3780314 	 5.8108120 	 319.1793 	 1.060 	 53.258
0.3846562 	 6.0339901 	 329.8567 	 1.062 	 53.221
0.3911027 	 6.2589513 	 337.8130 	 1.063 	 53.220
0.3973790 	 6.4879355 	 350.8578 	 1.065 	 53.203
0.4034848 	 6.7239406 	 362.2819 	 1.067 	 53.181
0.4094304 	 6.9613098 	 369.4348 	 1.068 	 53.176
0.4152313 	 7.2044604 	 380.7070 	 1.070 	 53.183
0.4208859 	 7.4458595 	 391.1463 	 1.071 	 53.139
0.4263964 	 7.6983628 	 403.6834 	 1.073 	 53.133
0.4317701 	 7.9516217 	 417.0469 	 1.075 	 53.118
0.4370126 	 8.2071682 	 429.2484 	 1.075 	 53.120
0.4421309 	 8.4700903 	 442.6153 	 1.077 	 53.089
0.4471306 	 8.7351316 	 453.3605 	 1.079 	 53.096
0.4520164 	 9.0023877 	 466.3551 	 1.081 	 53.094
0.4567925 	 9.2731448 	 476.1873 	 1.080 	 53.071
0.4614553 	 9.5463144 	 481.7307 	 1.081 	 53.052
0.4660205 	 9.8262287 	 489.6996 	 1.083 	 53.027
0.4704812 	 10.1128941 	 498.3423 	 1.084 	 53.031
0.4748474 	 10.3990878 	 508.9892 	 1.085 	 53.016
0.4791136 	 10.6922636 	 516.4481 	 1.085 	 53.001
0.4832993 	 10.9875993 	 521.7222 	 1.086 	 53.001
0.4873933 	 11.2824310 	 538.1962 	 1.087 	 52.979
0.4914016 	 11.5866049 	 551.5421 	 1.088 	 52.976
0.4953286 	 11.8891048 	 560.5455 	 1.088 	 52.956
0.4991768 	 12.2049686 	 567.1820 	 1.089 	 52.951
0.5029486 	 12.5111635 	 580.8964 	 1.089 	 52.924
0.5066463 	 12.8311195 	 590.1959 	 1.090 	 52.950
0.5102698 	 13.1495870 	 599.2818 	 1.090 	 52.916
0.5138242 	 13.4786352 	 610.4352 	 1.090 	 52.911
0.5173120 	 13.8112080 	 628.0693 	 1.090 	 52.911
0.5207303 	 14.1400560 	 643.1496 	 1.091 	 52.905
0.5240860 	 14.4780929 	 653.4084 	 1.090 	 52.909
0.5273793 	 14.8160302 	 664.3443 	 1.091 	 52.885
0.5306138 	 15.1526797 	 677.0466 	 1.090 	 52.850
0.5337884 	 15.5032178 	 698.2832 	 1.090 	 52.848
0.5369030 	 15.8583616 	 714.6124 	 1.089 	 52.843
0.5399627 	 16.2128774 	 732.6637 	 1.089 	 52.843
0.5429701 	 16.5827596 	 767.2180 	 1.088 	 52.861
0.5459236 	 16.9401005 	 807.0937 	 1.088 	 52.822
0.5488281 	 17.3080871 	 861.8479 	 1.087 	 52.810
0.5516790 	 17.6687326 	 948.2898 	 1.086 	 52.818
0.5544850 	 18.0425524 	 1104.1969 	 1.085 	 52.818
0.5572461 	 18.4137152 	 1412.5427 	 1.084 	 52.816
0.5599571 	 18.7899716 	 1955.1601 	 1.082 	 52.806
0.5626276 	 19.1591016 	 3037.8418 	 1.079 	 52.786
0.5652548 	 19.5367686 	 5085.5094 	 1.074 	 52.774
0.5678421 	 19.9119935 	 9011.0763 	 1.068 	 52.760
0.5703904 	 20.2841639 	 15656.9971 	 1.061 	 52.707
0.5729003 	 20.6891413 	 25521.4856 	 1.053 	 52.708
0.5753663 	 21.1049512 	 38687.3456 	 1.044 	 52.692
0.5777916 	 21.5432671 	 55521.1651 	 1.035 	 52.634
0.5801763 	 22.0245470 	 75443.7130 	 1.027 	 52.601
0.5825133 	 22.5287047 	 95934.8701 	 1.018 	 52.574
0.5848038 	 23.0760515 	 116492.7412 	 1.011 	 52.539
0.5870428 	 23.6448321 	 132355.4050 	 1.006 	 52.512
0.5892332 	 24.2786143 	 146203.8463 	 1.003 	 52.480
0.5913715 	 24.9243422 	 152563.2859 	 1.002 	 52.452
0.5934592 	 25.6154426 	 154869.9233 	 1.003 	 52.446
0.5954960 	 26.3315987 	 154900.9503 	 1.004 	 52.433
0.5974818 	 27.0790047 	 152675.1034 	 1.008 	 52.418
0.5994137 	 27.8588011 	 149804.6512 	 1.012 	 52.406
0.6012967 	 28.6644885 	 147214.3077 	 1.016 	 52.404
0.6031298 	 29.4977680 	 143477.4040 	 1.021 	 52.398
0.6049152 	 30.3672381 	 142506.1408 	 1.026 	 52.401
0.6066513 	 31.2595482 	 141330.0514 	 1.029 	 52.353
0.6083410 	 32.1892608 	 141631.8274 	 1.033 	 52.359
0.6099843 	 33.1572316 	 140740.7482 	 1.035 	 52.373
0.6115839 	 34.1478576 	 140460.0485 	 1.036 	 52.376
0.6131394 	 35.1706455 	 140067.1842 	 1.035 	 52.334
0.6146524 	 36.2248812 	 141462.9650 	 1.035 	 52.334
0.6161232 	 37.2949443 	 144347.2027 	 1.033 	 52.299
0.6175540 	 38.3993100 	 150603.2965 	 1.031 	 52.273
0.6189451 	 39.5382851 	 163673.5255 	 1.028 	 52.259
0.6202984 	 40.7043432 	 185232.7413 	 1.025 	 52.244
0.6216159 	 41.8876211 	 216613.3219 	 1.022 	 52.210
0.6228986 	 43.0947746 	 260405.3595 	 1.019 	 52.163
0.6241462 	 44.3492778 	 315006.0880 	 1.015 	 52.136
0.6253610 	 45.6354006 	 379336.6138 	 1.012 	 52.109
0.6265431 	 46.9497112 	 451505.1790 	 1.010 	 52.040
0.6276925 	 48.3432211 	 524506.2107 	 1.007 	 52.039
0.6288095 	 49.8101667 	 595650.0253 	 1.005 	 51.995
0.6298946 	 51.3453841 	 659474.9124 	 1.004 	 51.969
