N=60 	 R=1000000 	 s=1 	 Save [density, Z, rho_t, like/unlike, events per sweep]
0.0002266 	 1.0008525 	 1.1027 	 0.978 	 7.112
0.0220654 	 1.1833031 	 11.9746 	 0.960 	 35.129
0.0428763 	 1.2261338 	 22.4494 	 0.998 	 47.995
0.0625795 	 1.3034909 	 32.9747 	 1.007 	 51.545
0.0812764 	 1.3960437 	 43.3616 	 1.008 	 52.639
0.0990904 	 1.4967384 	 54.0347 	 1.010 	 53.123
0.1160598 	 1.6044278 	 64.4182 	 1.012 	 53.348
0.1322287 	 1.7185642 	 74.9058 	 1.013 	 53.482
0.1476770 	 1.8364494 	 84.6752 	 1.014 	 53.582
0.1624363 	 1.9621626 	 95.2815 	 1.016 	 53.578
0.1765576 	 2.0921225 	 106.4496 	 1.019 	 53.545
0.1900868 	 2.2268026 	 116.3671 	 1.021 	 53.532
0.2030587 	 2.3659725 	 126.8104 	 1.023 	 53.513
0.2155155 	 2.5092561 	 136.8799 	 1.024 	 53.495
0.2274896 	 2.6563750 	 147.4595 	 1.027 	 53.473
0.2390013 	 2.8092662 	 158.7178 	 1.029 	 53.453
0.2500783 	 2.9658249 	 168.5583 	 1.031 	 53.461
0.2607580 	 3.1265874 	 178.9627 	 1.034 	 53.424
0.2710457 	 3.2916713 	 189.8358 	 1.034 	 53.426
0.2809820 	 3.4618782 	 200.3361 	 1.037 	 53.424
0.2905764 	 3.6348755 	 210.3879 	 1.039 	 53.411
0.2998478 	 3.8131104 	 219.3834 	 1.041 	 53.402
0.3088126 	 3.9944296 	 228.9657 	 1.043 	 53.382
0.3174878 	 4.1784586 	 240.0579 	 1.045 	 53.340
0.3258907 	 4.3697680 	 250.4871 	 1.046 	 53.338
0.3340318 	 4.5618632 	 260.2789 	 1.048 	 53.313
0.3419242 	 4.7613310 	 268.8286 	 1.050 	 53.313
0.3495809 	 4.9630202 	 280.4400 	 1.052 	 53.301
0.3570133 	 5.1687655 	 290.1087 	 1.054 	 53.292
0.3642225 	 5.3800961 	 302.2644 	 1.055 	 53.278
0.3712254 	 5.5941211 	 313.1757 	 1.057 	 53.263
0.3780325 	 5.8107510 	 324.3177 	 1.060 	 53.239
0.3846515 	 6.0346744 	 335.9412 	 1.062 	 53.245
0.3910934 	 6.2602458 	 344.6722 	 1.063 	 53.239
0.3973625 	 6.4900294 	 356.2386 	 1.066 	 53.207
0.4034708 	 6.7232115 	 368.2321 	 1.067 	 53.194
0.4094207 	 6.9598539 	 379.2647 	 1.069 	 53.151
0.4152198 	 7.2033882 	 388.8170 	 1.070 	 53.160
0.4208689 	 7.4480578 	 399.4828 	 1.071 	 53.147
0.4263833 	 7.6981924 	 410.5808 	 1.073 	 53.156
0.4317647 	 7.9513898 	 422.6269 	 1.074 	 53.117
0.4370069 	 8.2073791 	 434.3859 	 1.076 	 53.102
0.4421291 	 8.4679615 	 448.0687 	 1.077 	 53.097
0.4471288 	 8.7309987 	 458.1609 	 1.079 	 53.086
0.4520155 	 9.0020138 	 470.7039 	 1.079 	 53.085
0.4567849 	 9.2728968 	 481.0026 	 1.081 	 53.058
0.4614535 	 9.5463666 	 492.3517 	 1.082 	 53.045
0.4660174 	 9.8312995 	 498.8796 	 1.082 	 53.049
0.4704801 	 10.1098648 	 508.8741 	 1.084 	 53.012
0.4748486 	 10.3975506 	 519.8383 	 1.084 	 53.015
0.4791229 	 10.6927916 	 532.7085 	 1.085 	 53.032
0.4833077 	 10.9919452 	 541.9602 	 1.087 	 53.021
0.4874034 	 11.2847848 	 553.1228 	 1.087 	 52.972
0.4914137 	 11.5836791 	 564.7103 	 1.087 	 52.944
0.4953411 	 11.8910661 	 572.9869 	 1.088 	 52.964
0.4991846 	 12.2058918 	 581.9030 	 1.089 	 52.955
0.5029568 	 12.5120833 	 591.5806 	 1.089 	 52.945
0.5066549 	 12.8334824 	 604.7092 	 1.090 	 52.925
0.5102819 	 13.1541698 	 619.5328 	 1.091 	 52.940
0.5138380 	 13.4840671 	 634.7928 	 1.091 	 52.912
0.5173249 	 13.8104594 	 651.2494 	 1.091 	 52.915
0.5207440 	 14.1474487 	 664.6379 	 1.092 	 52.906
0.5240997 	 14.4802202 	 677.3687 	 1.092 	 52.883
0.5273917 	 14.8222508 	 688.4334 	 1.091 	 52.891
0.5306237 	 15.1632722 	 703.7744 	 1.091 	 52.886
0.5337936 	 15.5087389 	 723.2482 	 1.091 	 52.877
0.5369115 	 15.8609456 	 743.3014 	 1.090 	 52.832
0.5399711 	 16.2220780 	 763.3863 	 1.089 	 52.844
0.5429790 	 16.5747438 	 791.4157 	 1.088 	 52.826
0.5459340 	 16.9400290 	 833.0556 	 1.088 	 52.835
0.5488349 	 17.3084140 	 882.0575 	 1.088 	 52.825
0.5516852 	 17.6799474 	 960.3920 	 1.088 	 52.828
0.5544893 	 18.0531097 	 1073.3441 	 1.086 	 52.829
0.5572463 	 18.4264344 	 1264.8053 	 1.085 	 52.788
0.5599591 	 18.8067472 	 1556.5986 	 1.082 	 52.789
0.5626219 	 19.2020488 	 2014.0435 	 1.082 	 52.799
0.5652436 	 19.5972838 	 2814.2315 	 1.081 	 52.799
0.5678190 	 19.9999356 	 3980.9785 	 1.080 	 52.761
0.5703527 	 20.4215784 	 5659.4845 	 1.079 	 52.783
0.5728424 	 20.8397705 	 7880.9712 	 1.078 	 52.749
0.5752859 	 21.3011458 	 10403.1964 	 1.077 	 52.749
0.5776865 	 21.7689658 	 13311.1403 	 1.075 	 52.760
0.5800405 	 22.2675897 	 16667.3802 	 1.073 	 52.757
0.5823504 	 22.7780378 	 20011.6661 	 1.071 	 52.751
0.5846142 	 23.3104217 	 23859.7858 	 1.069 	 52.733
0.5868328 	 23.8695153 	 28247.1020 	 1.065 	 52.750
0.5890034 	 24.4470005 	 34386.2436 	 1.061 	 52.740
0.5911284 	 25.0588124 	 43187.3614 	 1.057 	 52.768
0.5932058 	 25.6922074 	 55950.4450 	 1.053 	 52.755
0.5952354 	 26.3585476 	 72415.4969 	 1.049 	 52.773
0.5972163 	 27.0783965 	 91371.2834 	 1.046 	 52.791
0.5991496 	 27.8351516 	 110997.3742 	 1.044 	 52.791
0.6010343 	 28.6268279 	 130573.9723 	 1.044 	 52.794
0.6028695 	 29.4791190 	 148226.9070 	 1.044 	 52.794
0.6046544 	 30.3578357 	 163269.2700 	 1.046 	 52.798
0.6063903 	 31.2749015 	 173141.1531 	 1.047 	 52.762
0.6080771 	 32.2546774 	 177979.1025 	 1.052 	 52.775
0.6097169 	 33.2524319 	 177111.1261 	 1.057 	 52.754
0.6113092 	 34.2629285 	 174647.9500 	 1.062 	 52.732
0.6128573 	 35.3103583 	 167021.4510 	 1.066 	 52.747
0.6143627 	 36.3489531 	 158052.0045 	 1.072 	 52.732
0.6158283 	 37.4163282 	 146924.2059 	 1.076 	 52.734
0.6172567 	 38.4241802 	 138581.6937 	 1.078 	 52.728
0.6186496 	 39.3823261 	 135612.6601 	 1.076 	 52.709
0.6200132 	 40.2539023 	 142486.9979 	 1.068 	 52.723
0.6213528 	 41.0191625 	 170209.1617 	 1.054 	 52.732
0.6226696 	 41.6870381 	 236401.1152 	 1.031 	 52.756
0.6239696 	 42.3016697 	 352172.1990 	 1.003 	 52.760
0.6252529 	 42.9908444 	 505253.9150 	 0.977 	 52.762
0.6265148 	 43.8243246 	 661406.0543 	 0.956 	 52.761
0.6277518 	 44.8954819 	 788289.3731 	 0.941 	 52.781
0.6289585 	 46.1488422 	 873065.0374 	 0.933 	 52.757
