N=60 	 R=1000000 	 s=1 	 Save [density, Z, rho_t, like/unlike, events per sweep]
0.0002274 	 1.0008590 	 1.1025 	 0.990 	 7.113
0.0220710 	 1.1833353 	 11.9760 	 0.961 	 35.145
0.0428684 	 1.2261036 	 22.4074 	 0.999 	 47.958
0.0625991 	 1.3036717 	 32.9706 	 1.007 	 51.557
0.0813092 	 1.3962766 	 43.3463 	 1.008 	 52.668
0.0991044 	 1.4967202 	 53.9095 	 1.010 	 53.120
0.1160603 	 1.6043621 	 64.3201 	 1.011 	 53.349
0.1322234 	 1.7184547 	 75.0706 	 1.013 	 53.465
0.1476607 	 1.8364188 	 85.5557 	 1.014 	 53.608
0.1624259 	 1.9620553 	 95.9120 	 1.017 	 53.586
0.1765571 	 2.0920080 	 106.0867 	 1.019 	 53.532
0.1900812 	 2.2261259 	 116.6010 	 1.021 	 53.501
0.2030500 	 2.3657312 	 126.5258 	 1.023 	 53.510
0.2155092 	 2.5091214 	 137.6919 	 1.026 	 53.503
0.2274825 	 2.6577782 	 147.4303 	 1.028 	 53.489
0.2389929 	 2.8090350 	 157.4166 	 1.030 	 53.452
0.2500794 	 2.9652323 	 167.9047 	 1.031 	 53.437
0.2607556 	 3.1268809 	 179.6556 	 1.033 	 53.438
0.2710458 	 3.2913264 	 188.4839 	 1.035 	 53.429
0.2809817 	 3.4600124 	 199.2144 	 1.037 	 53.397
0.2905767 	 3.6346509 	 210.2087 	 1.038 	 53.412
0.2998550 	 3.8128779 	 219.5388 	 1.041 	 53.387
0.3088253 	 3.9942216 	 229.1327 	 1.043 	 53.367
0.3174945 	 4.1808660 	 239.1996 	 1.044 	 53.359
0.3258997 	 4.3693230 	 251.1561 	 1.047 	 53.343
0.3340298 	 4.5633182 	 261.8447 	 1.048 	 53.326
0.3419183 	 4.7605961 	 271.7087 	 1.051 	 53.312
0.3495763 	 4.9632864 	 281.7496 	 1.052 	 53.308
0.3570049 	 5.1716785 	 290.2659 	 1.054 	 53.292
0.3642250 	 5.3791092 	 298.4850 	 1.056 	 53.273
0.3712345 	 5.5940823 	 307.6956 	 1.058 	 53.268
0.3780453 	 5.8130007 	 318.2161 	 1.060 	 53.261
0.3846697 	 6.0347595 	 326.6553 	 1.061 	 53.244
0.3911132 	 6.2603121 	 336.0357 	 1.063 	 53.233
0.3973878 	 6.4893643 	 345.3561 	 1.065 	 53.204
0.4034988 	 6.7224007 	 354.8855 	 1.067 	 53.190
0.4094453 	 6.9608383 	 366.2454 	 1.068 	 53.167
0.4152397 	 7.2052050 	 373.3328 	 1.069 	 53.182
0.4208877 	 7.4484780 	 380.4188 	 1.071 	 53.148
0.4263986 	 7.6997945 	 391.0720 	 1.073 	 53.136
0.4317733 	 7.9518010 	 402.5727 	 1.075 	 53.115
0.4370177 	 8.2080677 	 411.7289 	 1.075 	 53.100
0.4421373 	 8.4709668 	 423.1542 	 1.076 	 53.112
0.4471392 	 8.7320039 	 432.9323 	 1.078 	 53.089
0.4520253 	 9.0022529 	 442.4322 	 1.079 	 53.090
0.4568011 	 9.2765275 	 451.7568 	 1.081 	 53.078
0.4614693 	 9.5486481 	 464.9775 	 1.081 	 53.047
0.4660355 	 9.8330648 	 476.4829 	 1.082 	 53.045
0.4705005 	 10.1142590 	 482.9324 	 1.084 	 53.035
0.4748709 	 10.4007708 	 489.9087 	 1.084 	 53.009
0.4791435 	 10.6907546 	 498.2341 	 1.085 	 53.006
0.4833258 	 10.9872076 	 506.9272 	 1.087 	 53.016
0.4874222 	 11.2811770 	 521.1863 	 1.087 	 52.979
0.4914298 	 11.5807825 	 530.1536 	 1.088 	 52.961
0.4953568 	 11.8888719 	 541.3655 	 1.089 	 52.955
0.4992057 	 12.2014471 	 552.7345 	 1.089 	 52.976
0.5029758 	 12.5173400 	 566.7247 	 1.090 	 52.966
0.5066726 	 12.8317852 	 578.9531 	 1.090 	 52.919
0.5102975 	 13.1564469 	 595.7049 	 1.090 	 52.922
0.5138517 	 13.4810675 	 602.9544 	 1.091 	 52.914
0.5173388 	 13.8108556 	 612.2310 	 1.092 	 52.905
0.5207616 	 14.1472377 	 623.8091 	 1.091 	 52.906
0.5241183 	 14.4797563 	 635.2795 	 1.093 	 52.878
0.5274122 	 14.8250974 	 644.5122 	 1.092 	 52.857
0.5306434 	 15.1687373 	 661.4371 	 1.092 	 52.877
0.5338149 	 15.5151965 	 672.7995 	 1.091 	 52.869
0.5369303 	 15.8652993 	 692.7610 	 1.091 	 52.841
0.5399903 	 16.2206608 	 716.4302 	 1.091 	 52.863
0.5429956 	 16.5807561 	 738.5990 	 1.090 	 52.847
0.5459479 	 16.9473349 	 766.7468 	 1.089 	 52.836
0.5488469 	 17.3179148 	 804.9346 	 1.089 	 52.834
0.5516973 	 17.6875327 	 853.4080 	 1.088 	 52.841
0.5545001 	 18.0574756 	 917.1288 	 1.087 	 52.822
0.5572553 	 18.4421589 	 1012.1280 	 1.087 	 52.802
0.5599621 	 18.8217539 	 1158.1755 	 1.085 	 52.809
0.5626256 	 19.2120083 	 1386.6247 	 1.084 	 52.814
0.5652426 	 19.6012202 	 1753.3237 	 1.084 	 52.784
0.5678192 	 19.9909184 	 2403.9777 	 1.084 	 52.787
0.5703541 	 20.3948289 	 3432.6851 	 1.086 	 52.788
0.5728472 	 20.8094021 	 5130.4586 	 1.086 	 52.804
0.5753003 	 21.2246912 	 7930.9683 	 1.089 	 52.796
0.5777109 	 21.6625257 	 12379.5209 	 1.090 	 52.817
0.5800811 	 22.0942978 	 19877.8554 	 1.093 	 52.812
0.5824132 	 22.5297756 	 31411.9862 	 1.098 	 52.812
0.5847067 	 22.9889641 	 47787.6659 	 1.102 	 52.799
0.5869594 	 23.4811937 	 69818.1826 	 1.109 	 52.827
0.5891696 	 23.9973553 	 95686.1465 	 1.115 	 52.846
0.5913376 	 24.5492764 	 126232.0028 	 1.123 	 52.845
0.5934608 	 25.1491184 	 159051.6403 	 1.130 	 52.872
0.5955374 	 25.7869514 	 191751.0887 	 1.139 	 52.850
0.5975680 	 26.4753071 	 224091.4212 	 1.146 	 52.836
0.5995468 	 27.2131119 	 252737.9099 	 1.154 	 52.856
0.6014763 	 28.0059161 	 277820.4820 	 1.161 	 52.838
0.6033542 	 28.8356946 	 298360.9237 	 1.170 	 52.820
0.6051811 	 29.7056305 	 317963.3223 	 1.176 	 52.828
0.6069564 	 30.6148203 	 333367.1663 	 1.184 	 52.825
0.6086823 	 31.5692450 	 349800.5461 	 1.191 	 52.806
0.6103602 	 32.5711455 	 364962.2382 	 1.199 	 52.801
0.6119889 	 33.6007634 	 373692.1600 	 1.205 	 52.778
0.6135705 	 34.6925645 	 383877.9525 	 1.213 	 52.778
0.6151053 	 35.8184710 	 393298.7789 	 1.218 	 52.767
0.6165935 	 36.9598951 	 400405.9465 	 1.223 	 52.732
0.6180356 	 38.1736288 	 406832.6024 	 1.228 	 52.732
0.6194340 	 39.4684527 	 410656.1929 	 1.234 	 52.712
0.6207894 	 40.7816906 	 414102.8961 	 1.237 	 52.714
0.6221028 	 42.1416075 	 414615.7310 	 1.241 	 52.698
0.6233751 	 43.5275004 	 413103.3290 	 1.244 	 52.651
0.6246077 	 44.9805110 	 409851.4205 	 1.246 	 52.654
0.6258025 	 46.5062366 	 404400.6399 	 1.246 	 52.639
0.6269601 	 48.0062109 	 398119.3171 	 1.247 	 52.594
0.6280822 	 49.6038507 	 386851.6353 	 1.245 	 52.566
0.6291707 	 51.1865470 	 374681.8560 	 1.241 	 52.562
