N=60 	 R=1000000 	 s=1 	 Save [density, Z, rho_t, like/unlike, events per sweep]
0.0002256 	 1.0008545 	 1.1026 	 0.997 	 7.113
0.0220528 	 1.1833145 	 12.0493 	 0.960 	 35.122
0.0428413 	 1.2258925 	 22.6421 	 0.998 	 47.948
0.0625724 	 1.3033883 	 32.9727 	 1.006 	 51.556
0.0812818 	 1.3959029 	 43.2894 	 1.008 	 52.647
0.0990770 	 1.4965528 	 54.1983 	 1.009 	 53.123
0.1160431 	 1.6045215 	 64.8014 	 1.011 	 53.362
0.1322155 	 1.7185390 	 74.9131 	 1.013 	 53.478
0.1476560 	 1.8362209 	 85.5715 	 1.014 	 53.578
0.1624274 	 1.9621333 	 95.6724 	 1.016 	 53.565
0.1765531 	 2.0923323 	 105.2591 	 1.019 	 53.556
0.1900966 	 2.2268976 	 115.4465 	 1.021 	 53.542
0.2030744 	 2.3659164 	 125.2456 	 1.023 	 53.520
0.2155333 	 2.5098483 	 135.2298 	 1.026 	 53.498
0.2274980 	 2.6570918 	 146.0367 	 1.027 	 53.476
0.2390046 	 2.8094220 	 156.8162 	 1.029 	 53.445
0.2500865 	 2.9657864 	 167.2982 	 1.031 	 53.467
0.2607561 	 3.1267094 	 176.6152 	 1.033 	 53.431
0.2710467 	 3.2919836 	 186.8419 	 1.034 	 53.408
0.2809860 	 3.4604077 	 197.1568 	 1.036 	 53.389
0.2905812 	 3.6343717 	 206.8128 	 1.038 	 53.410
0.2998521 	 3.8115777 	 218.6484 	 1.041 	 53.385
0.3088196 	 3.9940848 	 228.8324 	 1.042 	 53.369
0.3174936 	 4.1791418 	 241.4695 	 1.044 	 53.345
0.3258946 	 4.3696473 	 250.2410 	 1.046 	 53.343
0.3340326 	 4.5629432 	 260.8264 	 1.048 	 53.323
0.3419210 	 4.7613508 	 271.2501 	 1.051 	 53.318
0.3495700 	 4.9644188 	 284.1165 	 1.053 	 53.312
0.3569967 	 5.1689834 	 294.4684 	 1.054 	 53.279
0.3642101 	 5.3794178 	 305.4119 	 1.056 	 53.280
0.3712218 	 5.5936634 	 316.1077 	 1.057 	 53.273
0.3780401 	 5.8117400 	 324.7395 	 1.059 	 53.235
0.3846625 	 6.0343355 	 335.3792 	 1.061 	 53.225
0.3911124 	 6.2605407 	 344.2377 	 1.064 	 53.196
0.3973838 	 6.4916962 	 352.4669 	 1.065 	 53.205
0.4034914 	 6.7252545 	 363.7687 	 1.067 	 53.190
0.4094405 	 6.9604182 	 373.7875 	 1.068 	 53.174
0.4152360 	 7.2021938 	 384.3852 	 1.070 	 53.180
0.4208906 	 7.4490612 	 398.0040 	 1.071 	 53.158
0.4263972 	 7.6985790 	 409.7724 	 1.073 	 53.143
0.4317703 	 7.9503174 	 418.9629 	 1.074 	 53.111
0.4370177 	 8.2074745 	 429.5513 	 1.076 	 53.114
0.4421370 	 8.4676447 	 444.5449 	 1.078 	 53.106
0.4471349 	 8.7336615 	 455.4872 	 1.079 	 53.088
0.4520174 	 9.0031493 	 468.1895 	 1.080 	 53.083
0.4567919 	 9.2707003 	 477.4693 	 1.080 	 53.047
0.4614590 	 9.5508911 	 488.0826 	 1.081 	 53.059
0.4660231 	 9.8311663 	 498.7765 	 1.083 	 53.038
0.4704860 	 10.1147503 	 504.8395 	 1.084 	 53.032
0.4748539 	 10.3957616 	 515.9095 	 1.084 	 52.992
0.4791257 	 10.6886151 	 524.8394 	 1.085 	 53.008
0.4833057 	 10.9844854 	 534.4115 	 1.086 	 52.991
0.4874004 	 11.2821145 	 546.2509 	 1.087 	 52.988
0.4914122 	 11.5831704 	 557.5719 	 1.087 	 52.970
0.4953426 	 11.8952353 	 570.2867 	 1.088 	 52.967
0.4991929 	 12.2010040 	 580.4904 	 1.088 	 52.946
0.5029669 	 12.5183966 	 589.0612 	 1.089 	 52.958
0.5066650 	 12.8292971 	 600.0934 	 1.089 	 52.928
0.5102905 	 13.1547222 	 611.6103 	 1.091 	 52.916
0.5138440 	 13.4788990 	 618.0010 	 1.090 	 52.913
0.5173333 	 13.8110633 	 628.9034 	 1.091 	 52.901
0.5207524 	 14.1387331 	 640.1019 	 1.090 	 52.908
0.5241080 	 14.4807797 	 654.3752 	 1.090 	 52.888
0.5274016 	 14.8153911 	 672.8493 	 1.090 	 52.890
0.5306367 	 15.1590412 	 687.4809 	 1.090 	 52.873
0.5338127 	 15.5063951 	 699.3341 	 1.089 	 52.844
0.5369318 	 15.8675059 	 717.4977 	 1.090 	 52.848
0.5399904 	 16.2255347 	 742.3024 	 1.089 	 52.855
0.5429959 	 16.5861535 	 765.5390 	 1.089 	 52.840
0.5459498 	 16.9506782 	 794.2252 	 1.088 	 52.808
0.5488513 	 17.3268208 	 839.3075 	 1.088 	 52.853
0.5517003 	 17.6859657 	 887.6798 	 1.086 	 52.813
0.5545030 	 18.0736336 	 963.7020 	 1.086 	 52.821
0.5572554 	 18.4494559 	 1053.3254 	 1.083 	 52.805
0.5599608 	 18.8397917 	 1186.2055 	 1.082 	 52.785
0.5626227 	 19.2316882 	 1410.9879 	 1.080 	 52.804
0.5652387 	 19.6398319 	 1781.8568 	 1.078 	 52.792
0.5678105 	 20.0339369 	 2464.0729 	 1.075 	 52.784
0.5703405 	 20.4507703 	 3644.1089 	 1.072 	 52.779
0.5728250 	 20.8835081 	 5918.1301 	 1.068 	 52.809
0.5752653 	 21.3116459 	 9954.8125 	 1.063 	 52.793
0.5776674 	 21.7420831 	 16885.0258 	 1.059 	 52.816
0.5800284 	 22.1862672 	 28482.3135 	 1.053 	 52.802
0.5823493 	 22.6472213 	 46196.3915 	 1.048 	 52.792
0.5846294 	 23.1272776 	 70494.8219 	 1.042 	 52.802
0.5868648 	 23.6284257 	 104411.2886 	 1.034 	 52.809
0.5890588 	 24.1822347 	 144170.4462 	 1.029 	 52.816
0.5912114 	 24.7551086 	 188490.8614 	 1.023 	 52.807
0.5933159 	 25.3640242 	 235342.9268 	 1.017 	 52.804
0.5953726 	 26.0252166 	 283578.1497 	 1.012 	 52.804
0.5973825 	 26.7180518 	 330653.3185 	 1.008 	 52.787
0.5993435 	 27.4732439 	 370715.4434 	 1.005 	 52.774
0.6012538 	 28.2510461 	 407402.9359 	 1.003 	 52.758
0.6031141 	 29.0854406 	 435653.0097 	 1.002 	 52.763
0.6049251 	 29.9489163 	 457825.1599 	 1.002 	 52.750
0.6066858 	 30.8696734 	 475959.1317 	 1.002 	 52.717
0.6083971 	 31.8185981 	 491302.5034 	 1.002 	 52.704
0.6100605 	 32.8154861 	 498363.0504 	 1.004 	 52.692
0.6116764 	 33.8262390 	 506244.0509 	 1.005 	 52.653
0.6132456 	 34.9188810 	 507839.2050 	 1.007 	 52.629
0.6147688 	 36.0420923 	 508421.0211 	 1.010 	 52.634
0.6162461 	 37.2106953 	 502406.7623 	 1.013 	 52.610
0.6176786 	 38.4276615 	 494676.5770 	 1.016 	 52.582
0.6190683 	 39.6694350 	 482593.3117 	 1.020 	 52.553
0.6204153 	 40.9726450 	 467856.8178 	 1.024 	 52.545
0.6217231 	 42.2931886 	 450208.3928 	 1.029 	 52.521
0.6229907 	 43.6501926 	 430027.4944 	 1.034 	 52.522
0.6242201 	 45.0563745 	 409166.5202 	 1.039 	 52.506
0.6254131 	 46.4927249 	 388119.4310 	 1.044 	 52.487
0.6265709 	 47.9313645 	 366678.7378 	 1.049 	 52.470
0.6276966 	 49.3720777 	 348118.8780 	 1.054 	 52.478
0.6287901 	 50.8194323 	 333338.4640 	 1.058 	 52.469
0.6298537 	 52.3285544 	 323955.3970 	 1.064 	 52.493
